9901 5016468.09 5375686.826 2.38
T101 5016321.793 5375675.865 2.503
V100 5016349.914 5375758.245 2.573
9904K 5016296.587 5375753.12 1.993
6 5016324.59 5375699.494 2.428
6 5016324.828 5375699.533 2.436
133 5016330.396 5375699.011 2.443
133 5016330.919 5375698.822 2.446
133 5016331.48 5375700.434 2.443
133 5016330.975 5375700.652 2.442
133 5016333.952 5375697.657 2.421
133 5016334.358 5375697.523 2.421
133 5016334.259 5375698.771 2.432
133 5016336.966 5375702.212 2.428
133 5016338.264 5375705.903 2.446
6 5016346.639 5375700.217 2.411
6 5016346.839 5375700.179 2.422
444 5016347.673 5375707.653 2.438
6 5016352.358 5375715.521 2.42
6 5016352.167 5375715.561 2.434
6 5016326.674 5375714.743 2.449
6 5016326.412 5375714.784 2.442
66 5016333.223 5375726.248 2.42
66 5016333.061 5375726.469 2.428
80-150 5016332.99 5375726.253 2.15
80-150 5016336.543 5375729.791 2.134
66 5016336.656 5375729.603 2.434
66 5016336.496 5375729.861 2.427
6 5016347.589 5375736.585 2.409
6 5016347.579 5375736.379 2.409
331 5016354.345 5375736.655 2.445
331 5016352.275 5375730.904 2.443
331 5016356.363 5375729.417 2.44
331 5016358.454 5375735.105 2.427
444 5016357.137 5375737.06 2.412
66 5016360.883 5375738.755 2.38
66 5016360.547 5375738.773 2.37
6 5016360.732 5375738.957 2.39
30.88 5016360.614 5375738.848 2.141
81-150 5016362.049 5375738.747 2.322
66 5016362.115 5375738.928 2.406
66 5016362.086 5375738.617 2.395
66 5016365.178 5375738.622 2.396
66 5016365.181 5375738.433 2.397
81 5016365.158 5375738.554 2.345
6 5016369.88 5375737.748 2.388
6 5016369.768 5375737.439 2.403
6 5016383.038 5375732.841 2.4
6 5016383.03 5375733.039 2.401
6 5016387.742 5375743.2 2.524
6 5016387.64 5375743.182 2.487
7 5016388.234 5375744.461 2.449
7 5016388.414 5375744.783 3.131
444 5016379.314 5375746.983 2.462
7 5016376.019 5375749.259 3.114
7 5016375.911 5375748.857 2.439
6 5016376.277 5375747.359 2.53
6 5016376.294 5375747.309 2.49
6.22 5016366.119 5375749.786 2.567
6.22 5016366.146 5375749.759 2.502
139 5016367.175 5375750.936 2.492
7.22 5016366.947 5375752.115 2.544
7 5016367.072 5375752.405 3.096
77.31 5016353.032 5375757.542 3.21
77 5016353.053 5375757.111 2.615
330 5016352.266 5375757.356 2.6
139 5016354.323 5375755.126 2.628
6 5016355.349 5375749.887 2.558
6 5016355.34 5375749.814 2.509
6 5016344.568 5375747.404 2.559
6 5016344.621 5375747.38 2.518
30 5016346.577 5375751.694 2.267
24 5016346.757 5375751.315 2.551
24 5016337.755 5375747.851 2.507
30 5016337.59 5375748.21 2.058
6 5016338.095 5375744.575 2.561
6 5016338.113 5375744.476 2.514
24 5016329.081 5375743.018 2.523
30 5016325.064 5375739.71 2.105
24 5016325.032 5375739.64 2.57
330 5016323.87 5375738.232 2.587
330 5016322.824 5375736.885 2.586
331 5016318.278 5375740.317 4.758
331 5016319.58 5375741.916 4.751
31 5016320.412 5375743.72 4.761
31 5016326.994 5375748.945 4.744
31 5016333.773 5375752.869 4.751
77 5016337.31 5375755.418 4.753
7.5 5016336.737 5375756.851 4.828
7 5016341.227 5375757.105 4.768
77 5016344.944 5375758.456 4.777
7.5 5016344.719 5375759.663 4.876
331 5016346.278 5375757.674 4.653
5 5016334.046 5375755.721 4.793
7.5 5016327.108 5375751.805 4.819
77 5016328.359 5375749.987 4.758
5.5 5016322.27 5375748.065 4.789
77 5016324.013 5375747.018 4.76
77 5016320.411 5375743.822 4.766
30 5016326.223 5375748.124 1.964
24 5016327.849 5375747.545 1.954
24 5016335.581 5375752.056 1.993
30 5016335.104 5375753.264 1.992
30.24 5016345.412 5375757.223 2.068
2.30 5016345.484 5375757.203 2.6
224 5016345.518 5375755.824 2.114
30.5 5016316.082 5375741.903 2.042
55 5016311.854 5375735.442 2.06
30.5 5016311.17 5375734.387 2.144
330 5016318.552 5375730.875 2.473
60 5016325.492 5375734.728 2.568
60 5016325.433 5375734.656 2.507
6 5016318.902 5375725.425 2.577
6 5016318.956 5375725.436 2.497
30- 5016315.014 5375724.114 2.535
330 5016312.284 5375715.771 2.546
330 5016311.959 5375713.962 2.584
331 5016307.057 5375716.913 4.65
331 5016306.744 5375715.392 4.643
31- 5016309.807 5375726.317 4.643
31-.71- 5016311.307 5375730.503 4.646
7.7 5016313.023 5375733.429 4.67
331- 5016313.422 5375733.157 4.658
5.5.7 5016306.72 5375725.538 4.711
77 5016308.646 5375724.671 4.631
77 5016306.633 5375717.351 4.638
6 5016314.334 5375713.234 2.573
6 5016314.408 5375713.295 2.509
6 5016313.253 5375702.19 2.575
6 5016313.318 5375702.246 2.502
2 5016311.624 5375702.042 2.518
30 5016312.607 5375693.472 2.036
2 5016313.305 5375693.017 2.492
6 5016314.518 5375692.254 2.541
6 5016314.62 5375692.275 2.495
6 5016318.342 5375682.082 2.491
6 5016318.236 5375682.123 2.537
2 5016317.256 5375682.651 2.469
30 5016317.032 5375682.792 2.136
77 5016306.086 5375715.228 4.662
7 5016305.45 5375707.885 4.629
31 5016305.96 5375707.256 4.627
31 5016306.17 5375698.439 4.634
77 5016305.49 5375701.844 4.631
7.5 5016303.319 5375701.927 4.615
5 5016305.336 5375721.375 4.695
5 5016303.801 5375713.853 4.708
5 5016303.095 5375707.448 4.825
5 5016303.643 5375698.238 4.702
5 5016304.935 5375692.402 4.702
5 5016306.367 5375688.204 4.714
55 5016308.423 5375683.569 4.646
331 5016309.984 5375686.03 4.6
331 5016309.631 5375685.893 4.611
31 5016312.24 5375679.836 4.551
33.7 5016316.573 5375673.34 4.534
77 5016320.468 5375676.813 2.304
77 5016320.614 5375676.445 2.535
30 5016312.197 5375680.243 2.236
30 5016310.364 5375683.875 2.242
55 5016308.167 5375690.563 2.097
55 5016308.01 5375690.962 2.049
133 5016307.448 5375691.6 2.041
55 5016307.424 5375692.795 2.071
55 5016307.336 5375693.221 2.073
30 5016306.465 5375695.399 2.038
88 5016306.289 5375698.978 2.088
133- 5016353.728 5375709.461 2.684
133- 5016351.31 5375702.357 2.681
3 5016381.371 5375690.191 2.807
3 5016390.405 5375713.007 2.652
3 5016414.222 5375703.729 2.689
3 5016408.479 5375685.434 2.903
3 5016401.555 5375665.228 2.67
3 5016377.198 5375673.091 2.629
3 5016359.04 5375678.574 2.614
31.7 5016361.466 5375759.339 3.186
30 5016361.032 5375757.899 3.138
31 5016362.944 5375757.206 4.634
30 5016363.831 5375756.905 4.656
31 5016365.946 5375756.212 5.774
31 5016367.502 5375755.542 5.75
30 5016366.966 5375757.763 5.865
30 5016367.877 5375757.498 5.905
3- 5016369.73 5375762.413 9.242
3- 5016368.759 5375762.724 9.242
31 5016371.879 5375768.348 13.634
31 5016371.073 5375768.69 13.641
133 5016368.654 5375770.117 13.719
133 5016362.971 5375772.167 13.688
133 5016357.29 5375774.216 13.741
31 5016357.229 5375773.777 13.708
31 5016358.09 5375773.412 13.705
3- 5016356.526 5375768.721 10.236
3- 5016355.578 5375769.125 10.244
30 5016353.158 5375762.776 5.926
30 5016354.08 5375762.42 5.921
33 5016352.704 5375760.899 5.822
31 5016353.65 5375760.573 5.85
30 5016355.76 5375759.834 4.665
31 5016356.622 5375759.491 4.655
30 5016358.639 5375758.834 3.178
30.5 5016359.109 5375760.209 3.196
5 5016366.744 5375756.46 3.219
5 5016367.116 5375756.329 3.224
5 5016366.876 5375756.764 3.233
30 5016372.176 5375753.851 3.206
30.5 5016372.731 5375755.317 3.203
31 5016370.522 5375754.427 4.632
30 5016369.646 5375754.819 4.63
30.5 5016378.341 5375753.238 3.307
30 5016377.835 5375751.77 3.198
31 5016379.849 5375751.128 4.719
30 5016380.711 5375750.804 4.725
31 5016382.815 5375750.104 5.799
31 5016384.391 5375749.511 5.822
30 5016384.733 5375751.368 5.901
30 5016383.725 5375751.733 5.906
3- 5016385.349 5375755.861 8.801
3- 5016386.253 5375755.586 8.806
31 5016388.723 5375762.34 13.644
31 5016387.862 5375762.695 13.652
133 5016385.673 5375763.979 13.702
133 5016380 5375765.996 13.746
133 5016374.364 5375768.051 13.728
77 5016357.304 5375774.626 14.049
77 5016355.74 5375770.171 10.716
77 5016355.116 5375770.412 10.705
70 5016352.538 5375763.412 5.926
7 5016372.95 5375768.882 14.024
7 5016387.281 5375763.725 14.02
133 5016391.208 5375761.897 13.635
133 5016396.78 5375759.856 13.715
7 5016400.22 5375759.114 13.975
133 5016402.485 5375757.823 13.709
133 5016403.23 5375757.533 13.677
31 5016405.571 5375756.283 13.648
31 5016406.394 5375755.977 13.642
7.55 5016408.8 5375756.068 14.03
55 5016407.413 5375752.195 11.258
3- 5016404.338 5375749.983 9.286
3- 5016403.353 5375750.324 9.27
30 5016401.487 5375745.434 5.926
30 5016402.454 5375745 5.917
31 5016400.491 5375743.656 5.775
31 5016402.056 5375743.014 5.79
30 5016404.153 5375742.23 4.693
31 5016405.037 5375741.888 4.685
30.5 5016407.663 5375742.755 3.254
30 5016407.082 5375741.214 3.253
7 5016408.21 5375737.788 3.16
7 5016408.084 5375737.404 2.459
5 5016401.648 5375743.808 3.252
5 5016401.299 5375743.927 3.238
5 5016401.429 5375744.223 3.277
30 5016395.481 5375745.403 3.252
30.5 5016396.055 5375746.899 3.327
31 5016397.476 5375744.682 4.726
30 5016398.345 5375744.355 4.732
30 5016389.328 5375747.659 3.219
30.5 5016389.902 5375749.112 3.285
31 5016387.481 5375748.444 4.738
30 5016386.562 5375748.742 4.726
5 5016384.017 5375750.225 3.239
5 5016383.664 5375750.349 3.232
5 5016383.742 5375750.635 3.219
139 5016398.603 5375740.091 2.441
6 5016408.69 5375735.705 2.508
6 5016408.662 5375735.65 2.448
6 5016406.132 5375724.825 2.398
6 5016405.841 5375724.633 2.386
888 5016312.023 5375741.801 5.025
888 5016309.09 5375737.513 5.099
888 5016307.811 5375738.437 4.994
888 5016310.71 5375742.731 4.964
55 5016314.619 5375739.961 -1995.221
55-- 5016352.409 5375764.302 -1982.566
55-- 5016352.408 5375764.303 -1982.566
55-- 5016357.7 5375778.446 -1983.359
133 5016344.215 5375729.11 -1997.48
133 5016343.198 5375729.476 -1997.403
133 5016338.625 5375720.28 -1997.506
133 5016338.111 5375720.471 -1997.462
133 5016337.532 5375718.869 -1997.509
133 5016337.534 5375718.87 -1997.508
133 5016338.051 5375718.681 -1997.551
133 5016342.92 5375715.307 -1997.419
133 5016341.7 5375715.739 -1997.35
133 5016342.502 5375714.104 -1997.446
133 5016341.28 5375714.526 -1997.376
133 5016342.058 5375712.89 -1997.475
133 5016341.412 5375711.104 -1997.48
133 5016340.963 5375709.883 -1997.459
133 5016342.918 5375715.306 -1997.328
133 5016341.698 5375715.74 -1997.259
133 5016342.499 5375714.104 -1997.35
133 5016341.278 5375714.525 -1997.286
133 5016342.06 5375712.892 -1997.378
133 5016337.165 5375714.925 -1997.317
133 5016335.99 5375714.425 -1997.293
133 5016334.775 5375714.892 -1997.224
133 5016334.309 5375713.684 -1997.269
133 5016335.299 5375712.639 -1997.312
133 5016335.511 5375713.209 -1997.29
133 5016336.6 5375712.115 -1997.116
133 5016336.805 5375712.691 -1997.099
133 5016338.204 5375706.001 -1997.421
133 5016337.773 5375704.789 -1997.463
133 5016337.337 5375703.573 -1997.508
133 5016333.541 5375707.83 -1997.082
133 5016333.117 5375706.623 -1997.124
133 5016332.682 5375705.409 -1997.167
133 5016330.082 5375713.463 -1996.784
133 5016329.646 5375712.292 -1996.827
133 5016334.668 5375698.666 -1997.486
55- 5016352.127 5375762.775 -1994.161
55 5016383.64 5375637.784 3.306
55 5016383.2 5375636.703 3.361
55 5016381.454 5375638.515 3.265
9902 5016322.703 5375731.453 2.565
330 5016346.494 5375757.456 2.58
55 5016345.937 5375760.065 2.563
55 5016344.378 5375766.8 2.36
70 5016345.713 5375768.167 2.289
71 5016349.935 5375771.574 2.348
77 5016351.816 5375772.957 2.424
30.7 5016354.099 5375772.112 2.543
31.7 5016354.793 5375771.871 3.2
7.5 5016355.858 5375771.475 3.241
331 5016352.404 5375764.998 3.19
330 5016351.617 5375765.218 2.605
331 5016351.968 5375763.804 3.167
330 5016351.169 5375763.657 2.526
330 5016350.742 5375762.729 2.565
331 5016351.596 5375762.747 3.203
55 5016352.675 5375762.574 3.232
5 5016353.176 5375761.645 3.234
5 5016353.066 5375761.361 3.244
5 5016353.412 5375761.203 3.273
33 5016353.979 5375770.575 10.522
9902 5016322.704 5375731.456 2.564
T102 5016300.546 5375649.999 2.339
40 5016299.764 5375660.627 2.39
12 5016308.273 5375656.675 2.505
330 5016312.11 5375655.279 2.699
331 5016312.826 5375655.06 3.277
55 5016316.361 5375662.022 3.293
5 5016317.334 5375662.373 3.301
5 5016317.406 5375662.696 3.286
331 5016316.941 5375666.241 3.23
330 5016316.145 5375666.545 2.668
77 5016316.861 5375666.725 2.687
77 5016316.807 5375666.457 2.663
6.7 5016318.558 5375666.107 2.593
139 5016320.168 5375666.348 2.625
66 5016319.987 5375667.38 2.584
61 5016317.528 5375667.754 2.619
66 5016319.155 5375668.845 2.6
6 5016326.55 5375691.128 2.426
6 5016326.684 5375691.088 2.426
33 5016334.745 5375688.361 2.412
33 5016338.95 5375686.887 2.405
33 5016332.646 5375682.634 2.414
33 5016336.858 5375681.15 2.409
6 5016332.019 5375681.407 2.39
6 5016331.861 5375681.306 2.401
444 5016337.233 5375678.731 2.4
444 5016337.991 5375678.481 2.397
60 5016342.076 5375687.806 2.406
66 5016337.615 5375675.595 2.354
66 5016337.922 5375675.425 2.364
60 5016337.661 5375675.367 2.362
88 5016337.668 5375675.437 2.112
80-150 5016338.858 5375674.436 2.063
66 5016338.819 5375674.309 2.385
66 5016338.991 5375674.514 2.376
80-150 5016341.387 5375672.634 2.104
66 5016341.053 5375672.651 2.377
60 5016348.414 5375669.025 2.375
60 5016361.561 5375664.165 2.382
60 5016376.391 5375658.803 2.363
60 5016390.169 5375653.867 2.385
60 5016402.327 5375649.495 2.393
3 5016407.676 5375663.055 2.658
6.24 5016400.902 5375638.321 2.548
6.24 5016400.92 5375638.404 2.504
139 5016401.617 5375637.234 2.525
6.24 5016395.118 5375640.397 2.553
7.24 5016394.532 5375638.967 2.549
7 5016394.443 5375638.603 3.126
6.30 5016385.588 5375643.823 2.564
6 5016385.564 5375643.897 2.511
60.30.24 5016384.074 5375644.375 2.559
6.24 5016382.141 5375645.067 2.562
444 5016381.267 5375644.645 2.632
31 5016383.534 5375642.818 3.132
31 5016384.994 5375642.275 3.171
77 5016385.485 5375641.802 3.109
77 5016383.008 5375642.709 3.144
6.24 5016374.65 5375647.745 2.55
6 5016374.794 5375647.815 2.51
6.24 5016368.974 5375649.82 2.539
24.7 5016368.326 5375648.353 2.553
7 5016367.773 5375648.125 3.162
139 5016367.612 5375649.478 2.523
6 5016357.563 5375653.928 2.536
6 5016357.463 5375654.017 2.499
7 5016357.127 5375652.342 2.569
7 5016356.508 5375652.148 3.164
80-50 5016348.281 5375655.525 3.06
6 5016346.105 5375658.014 2.551
6 5016346.11 5375658.088 2.488
7 5016345.694 5375656.472 2.529
7 5016345.858 5375655.975 3.141
444 5016342.507 5375658.645 2.605
444 5016332.013 5375662.246 2.581
139 5016332.964 5375661.91 2.578
6 5016330.877 5375663.445 2.549
7 5016330.557 5375661.877 2.571
7 5016330.454 5375661.528 3.141
139 5016320.176 5375666.376 2.63
30 5016323.948 5375660.852 3.219
30.5 5016323.44 5375659.47 3.216
31 5016321.639 5375661.771 4.659
30 5016320.789 5375662.068 4.678
31 5016318.721 5375662.807 5.932
33 5016317.3 5375663.286 5.932
55- 5016315.857 5375662.153 5.913
30 5016316.652 5375661.539 5.958
30 5016317.571 5375661.195 5.959
3- 5016315.148 5375657.33 8.79
3- 5016316.135 5375657.018 8.79
5-.5- 5016313.216 5375654.638 10.812
55- 5016313.852 5375654.367 10.824
31 5016312.908 5375650.535 13.711
31 5016313.764 5375650.212 13.71
133 5016312.711 5375650.189 13.758
55- 5016312.194 5375649.808 14.119
133 5016318.345 5375648.06 13.668
5- 5016320.764 5375646.771 14.07
133 5016324.004 5375646.036 13.677
133 5016329.644 5375644.044 13.662
31 5016327.354 5375645.145 13.676
31 5016326.526 5375645.549 13.673
3- 5016328.134 5375650.207 10.29
3- 5016329.016 5375649.93 10.28
30 5016329.856 5375655.155 6.853
30 5016330.804 5375654.832 6.861
31 5016329.313 5375655.7 6.862
31 5016328.311 5375656.046 6.851
30 5016328.685 5375657.205 5.976
30 5016329.749 5375656.864 5.969
31 5016331.702 5375654.862 6.846
31 5016332.654 5375654.548 6.848
30 5016333.059 5375655.597 5.94
30 5016331.969 5375656.045 5.924
33 5016332.948 5375657.66 5.932
31 5016334.321 5375657.22 5.936
30 5016336.378 5375656.373 4.661
31 5016337.273 5375656.127 4.62
30 5016339.566 5375655.298 3.208
30.5 5016339.065 5375653.856 3.263
444 5016336.232 5375657.131 3.141
5 5016333.533 5375656.826 3.254
5 5016333.023 5375657.038 3.278
5 5016332.935 5375656.701 3.29
55 5016332.056 5375656.373 3.293
55 5016331.614 5375655.262 3.341
55 5016329.899 5375657.074 3.268
88 5016327.758 5375659.517 3.202
444 5016344.804 5375655.72 3.107
5 5016347.973 5375651.613 3.234
5 5016348.446 5375651.438 3.219
88 5016348.702 5375651.385 3.219
5 5016347.843 5375651.342 3.258
30 5016342.117 5375654.379 3.222
30.5 5016341.56 5375652.941 3.226
31 5016344.39 5375653.573 4.601
30 5016345.255 5375653.217 4.615
31 5016347.284 5375652.536 5.864
31 5016349.528 5375651.723 5.856
30 5016351.547 5375650.967 4.642
31 5016352.437 5375650.659 4.641
30 5016354.704 5375649.823 3.17
30.5 5016354.254 5375648.342 3.153
30 5016348.357 5375650.085 5.901
30 5016347.44 5375650.483 5.931
3- 5016345.957 5375646.243 8.798
3- 5016346.811 5375645.899 8.822
31 5016344.335 5375639.151 13.686
31 5016343.505 5375639.424 13.679
5- 5016343.834 5375638.437 14.085
133 5016341.016 5375639.894 13.684
133 5016335.328 5375641.914 13.683
5- 5016334.618 5375641.723 14.068
133 5016346.641 5375637.854 13.685
133 5016352.331 5375635.758 13.66
5- 5016354.518 5375634.583 14.042
133 5016357.94 5375633.816 13.68
133 5016358.693 5375633.506 13.674
31 5016361.202 5375633.069 13.689
31 5016362.071 5375632.792 13.69
55 5016363.964 5375631.165 14.066
55 5016365.19 5375635.004 11.715
55 5016365.268 5375635.097 11.274
3- 5016363.333 5375639.195 9.31
3- 5016364.283 5375638.865 9.301
55I 5016364.881 5375634.255 11.76
30 5016365.082 5375644.061 5.945
30 5016366.061 5375643.694 5.962
31 5016365.367 5375645.913 5.955
31 5016367.252 5375645.311 5.935
30 5016363.27 5375646.716 4.826
31 5016362.359 5375647 4.826
30 5016360.104 5375647.855 3.208
30.5 5016359.621 5375646.507 3.203
5 5016365.507 5375644.947 -1995.413
5 5016365.633 5375645.248 3.265
5 5016366.122 5375645.069 3.255
30 5016372.516 5375643.331 3.231
31 5016370.205 5375644.224 4.639
30 5016369.308 5375644.527 4.658
444 5016382.146 5375640.93 3.21
5 5016384.157 5375638.224 3.296
5 5016384.302 5375638.502 3.278
5 5016384.778 5375638.339 3.297
444 5016389.339 5375639.885 3.112
31 5016388.582 5375637.586 4.68
30 5016387.696 5375637.892 4.673
31 5016385.665 5375638.623 5.916
33 5016384.216 5375639.183 5.927
30 5016383.576 5375637.486 5.898
30 5016384.559 5375637.008 5.94
31 5016384.143 5375635.969 6.877
31 5016383.33 5375636.27 6.858
30 5016380.788 5375637.216 6.848
30 5016379.978 5375637.425 6.869
30 5016380.315 5375638.587 5.945
30 5016381.271 5375638.229 5.91
30 5016381.516 5375636.602 6.866
30 5016382.371 5375636.242 6.883
31 5016379.893 5375629.568 11.729
31 5016378.988 5375629.868 11.721
5- 5016378.737 5375630.271 11.261
5 5016378.36 5375629.363 -1987.534
888 5016307.818 5375663.872 6.993
55- 5016312.222 5375654.938 -1989.36
55-- 5016315.602 5375660.888 -1982.348
55-- 5016310.643 5375647.122 -1983.445
5-- 5016344.651 5375650.491 -1982.776
5-- 5016384.918 5375635.885 -1982.954
501 5016311.726 5375648.11 -1984.291
501 5016317.413 5375646.106 -1984.317
501 5016323.088 5375644.077 -1984.574
501 5016328.705 5375642.013 -1984.578
501 5016334.346 5375639.965 -1984.656
501 5016340.014 5375637.962 -1984.596
501 5016345.661 5375635.908 -1984.54
501 5016351.314 5375633.868 -1984.568
501 5016356.953 5375631.841 -1984.674
501 5016363.332 5375629.533 -1984.709
511 5016363.684 5375629.42 -1984.653
511 5016358.057 5375631.453 -1984.626
511 5016351.685 5375633.737 -1984.607
511 5016346.02 5375635.782 -1984.97
511 5016340.379 5375637.834 -1984.606
511 5016334.726 5375639.847 -1984.616
511 5016329.075 5375641.888 -1984.638
511 5016323.457 5375643.944 -1984.629
511 5016317.77 5375645.982 -1984.594
511 5016312.084 5375647.976 -1984.516
T101 5016321.792 5375675.873 2.504
T103 5016327.028 5375640.541 3.137
444 5016316.369 5375644.106 3.162
500 5016317.381 5375646.051 3.186
500 5016311.737 5375648.004 3.094
55 5016311.892 5375649.777 2.843
444 5016306.161 5375653.329 2.46
444 5016305.021 5375664.52 2.442
12 5016307.752 5375669.031 2.216
2240 5016308.399 5375674.915 2.143
2240 5016309.695 5375675.825 2.226
2241 5016310.601 5375674.671 2.37
30.5 5016307.965 5375683.342 2.083
12 5016306.463 5375681.949 2.05
7.5 5016302.426 5375681.057 1.971
77 5016302.398 5375680.459 1.93
70 5016301.838 5375677.933 1.854
77 5016302.097 5375680.379 1.967
71 5016301.17 5375672.705 1.87
8.7 5016300.752 5375668.968 2.02
70 5016298.684 5375652.486 2.255
71.2 5016298.478 5375647.56 2.182
80 5016299.141 5375645.097 2.668
81- 5016299.244 5375644.676 3.502
77 5016298.244 5375644.769 2.845
41 5016300.068 5375645.211 2.637
41 5016303.441 5375644.631 2.807
444 5016304.523 5375647.02 2.604
13 5016308.302 5375644.686 2.954
60- 5016309.215 5375642.805 3.117
60- 5016309.336 5375642.921 2.959
511 5016304.443 5375643.471 2.872
501 5016304.005 5375643.658 2.834
8.8 5016308.105 5375641.823 -1994.473
501 5016309.5 5375641.708 3.061
511 5016309.898 5375641.517 3.058
6 5016314.439 5375640.173 3.217
6 5016314.16 5375640.337 3.047
55- 5016309.422 5375647.016 -1993.597
2.8 5016301.079 5375646.288 2.406
5 5016300.721 5375637.421 -1991.128
7 5016307.45 5375641.2 -1996.56
T102 5016300.545 5375650.005 2.338
T104 5016377.947 5375618.211 3.254
8-- 5016359.229 5375624.293 3.383
8-- 5016356.022 5375625.316 3.32
40 5016352.9 5375626.009 3.415
40 5016351.592 5375626.217 3.592
511 5016349.718 5375627.693 3.347
5.7 5016349.369 5375626.922 3.409
6 5016348.676 5375628.296 3.385
6 5016348.727 5375628.387 3.24
30 5016347.361 5375632.214 3.148
31 5016350.546 5375631.126 6.826
33 5016351.624 5375630.721 6.86
31.5- 5016350.818 5375632.022 6.827
500 5016345.645 5375635.874 3.223
500 5016339.98 5375637.891 3.236
5 5016342.016 5375638.848 3.293
500 5016334.333 5375639.953 3.181
444 5016331.005 5375639.01 3.148
6 5016336.12 5375632.564 3.314
6 5016336.032 5375632.634 3.116
40 5016336.737 5375631.433 3.371
777-5 5016335.522 5375631.61 3.257
5 5016338.054 5375631.613 3.351
5 5016337.835 5375630.964 3.364
501 5016343.471 5375629.835 3.299
511 5016343.888 5375629.667 3.332
5.7 5016343.627 5375628.831 3.208
40 5016333.47 5375632.591 3.226
511 5016332.464 5375633.558 3.26
501 5016332.04 5375633.727 3.258
40 5016326.93 5375634.811 3.346
511 5016326.8 5375635.581 3.25
501 5016326.388 5375635.754 3.271
40 5016323.628 5375636.001 3.407
60- 5016321.986 5375637.516 3.214
60- 5016321.998 5375637.521 3.075
61- 5016320.11 5375638.302 3.039
61- 5016320.178 5375638.165 3.223
511 5016321.87 5375637.368 3.211
501 5016321.424 5375637.545 3.061
7 5016321.148 5375636.541 3.249
500 5016328.655 5375642.022 3.205
500 5016322.967 5375644.014 3.188
5 5016323.475 5375645.601 3.234
40 5016308.906 5375641.145 2.992
55 5016315.793 5375635.649 -1991.046
5 5016323.382 5375630.799 -1992.312
5 5016323.56 5375630.834 -1992.306
5 5016324.999 5375632.307 -1993.006
5 5016325.367 5375632.132 -1992.709
5 5016325.74 5375630.161 -1992.593
5 5016325.872 5375630.037 -1992.438
T103 5016327.032 5375640.544 3.135
T105 5016440.525 5375594.798 2.987
133 5016416.526 5375608.041 3.156
500 5016414.869 5375610.897 3.253
30 5016412.752 5375609.839 3.144
30 5016412.298 5375608.934 3.136
31 5016415.591 5375607.659 6.734
33 5016416.717 5375607.195 6.759
5 5016412.049 5375613.567 3.3
500 5016409.242 5375612.891 3.191
5 5016427.972 5375595.895 3.55
5 5016427.66 5375595.324 3.308
444 5016426.112 5375598.026 3.601
5 5016422.498 5375598.158 3.725
5 5016422.177 5375597.63 3.47
7 5016421.477 5375597.593 -1994.545
6 5016425.268 5375599.58 3.239
6 5016425.143 5375599.667 3.08
6 5016412.452 5375604.505 3.123
6 5016412.519 5375604.407 3.269
5 5016416.961 5375600.468 3.608
5 5016416.597 5375599.884 3.484
5 5016411.221 5375602.271 3.612
5 5016411.518 5375602.787 3.639
40 5016410.313 5375602.63 3.475
7 5016407.933 5375603.157 3.286
500 5016405.599 5375605.495 3.565
501 5016405.843 5375605.36 3.59
5 5016405.223 5375604.639 3.33
500 5016403.565 5375614.969 3.216
500 5016397.939 5375616.973 3.244
500 5016397.184 5375617.309 3.248
5 5016398.919 5375618.33 3.292
444 5016394.406 5375619.05 3.525
3 5016394.621 5375618.557 3.17
444 5016398.734 5375615.062 3.17
6 5016398.493 5375609.708 3.299
6 5016398.457 5375609.799 3.138
5 5016400.225 5375607.545 3.63
5 5016399.905 5375606.819 3.38
7 5016398.94 5375607.006 3.446
511 5016394.713 5375609.745 3.413
501 5016394.365 5375609.929 3.412
5 5016394.086 5375609.364 3.238
511 5016389.069 5375612.17 3.435
501 5016388.669 5375612.346 3.44
5 5016388.437 5375611.665 3.263
5 5016383.388 5375614.458 3.538
5.7 5016383.043 5375613.599 3.492
777-3 5016382.515 5375613.849 3.479
40 5016382.841 5375614.631 3.62
6 5016382.512 5375615.811 3.429
6 5016382.461 5375615.867 3.235
500 5016391.515 5375619.339 3.213
500 5016385.87 5375621.374 3.278
5 5016389.476 5375621.735 3.317
444 5016380.718 5375621.537 3.239
500 5016380.2 5375623.432 3.312
55 5016380.653 5375624.987 3.367
55 5016380.819 5375625.467 3.386
55 5016375.661 5375627.327 3.366
55 5016375.428 5375626.882 3.341
500 5016374.594 5375625.421 3.273
6 5016372.094 5375619.768 3.4
6 5016372.061 5375619.826 3.24
5 5016372.269 5375619.083 3.434
5 5016371.947 5375618.405 3.414
7 5016372.277 5375618.126 3.441
5 5016377.733 5375616.73 3.511
5 5016377.467 5375616.089 3.382
8.8 5016360.498 5375623.712 4.273
6 5016363.456 5375623.114 3.418
6 5016363.213 5375623.221 3.261
500 5016368.865 5375627.489 3.283
500 5016363.326 5375629.491 3.265
5 5016364.539 5375630.785 3.302
500 5016357.556 5375631.529 3.231
500 5016356.797 5375631.825 3.221
444 5016353.8 5375630.954 3.228
133 5016351.189 5375631.451 3.129
500 5016351.155 5375633.884 3.247
5 5016351.577 5375635.464 3.303
888 5016361.516 5375626.783 6.999
5- 5016356.823 5375629.904 -1993.242
5- 5016380.647 5375621.304 -1993.491
5- 5016397.384 5375615.272 -1993.338
444 5016320.543 5375637.72 2.876
444 5016380.731 5375621.513 3.247
T104 5016377.937 5375618.213 3.252
T106 5016459.745 5375624.283 2.592
30 5016447.786 5375606.764 2.913
31.50 5016447.046 5375606.914 3.203
51 5016447.14 5375607.217 3.303
55 5016444.205 5375602.064 3.069
500 5016443.02 5375600.706 3.28
61- 5016443.629 5375600.024 3.206
61- 5016443.663 5375599.99 3.08
6 5016442.781 5375599.231 3.172
60- 5016441.535 5375598.886 3.057
500 5016437.305 5375602.881 3.316
500 5016431.703 5375604.812 3.237
5 5016434.163 5375605.597 3.342
500 5016426.109 5375606.776 3.251
500 5016420.471 5375608.788 3.238
444 5016421.369 5375606.793 3.111
5 5016421.583 5375610.122 3.324
66 5016435.824 5375595.648 3.213
66 5016435.7 5375595.651 3.054
55 5016434.863 5375595.489 3.273
55 5016436.44 5375594.977 3.259
55 5016436.006 5375594.069 3.287
13 5016435.993 5375594.007 3.708
5 5016433.53 5375593.648 3.294
5 5016433.2 5375593.093 3.325
7 5016432.808 5375592.893 3.077
5 5016439.243 5375591.101 3.278
5 5016438.952 5375590.543 3.48
40 5016439.057 5375590.526 3.477
40 5016439.852 5375590.46 3.27
66 5016444.622 5375593.212 3.065
66 5016444.627 5375593.304 2.88
444 5016448.748 5375596.109 2.837
6 5016453.864 5375592.431 2.978
66 5016456.554 5375593.056 3.028
66 5016456.475 5375593.167 2.833
81 5016461.349 5375594.175 4.234
501 5016462.834 5375595.135 3.079
511 5016463.248 5375595.155 3.078
500 5016463.159 5375594.172 3.028
88 5016462.743 5375593.998 3.058
70- 5016462.796 5375593.841 3.07
6 5016465.175 5375596.302 3.049
6 5016465.209 5375596.367 2.836
444 5016463.196 5375600.236 2.823
3 5016458.732 5375606.643 2.828
999 5016434.235 5375589.667 7.292
13 5016433.895 5375592.303 -1993.279
5 5016432.661 5375586.271 -1992.331
5 5016432.855 5375586.292 -1992.369
5 5016434.435 5375587.647 -1992.682
5 5016434.765 5375587.513 -1992.586
5 5016434.992 5375585.422 -1992.535
5 5016435.102 5375585.28 -1992.517
91 5016434.306 5375587.571 -1992.375
91 5016434.211 5375589.835 -1992.675
91 5016434.031 5375593.137 -1993.048
13 5016461.799 5375591.634 3.086
55- 5016444.53 5375598.339 -1993.168
55 5016457.348 5375576.704 -1989.661
55 5016463.884 5375593.948 -1993.328
T105 5016440.524 5375594.803 2.988
T107 5016492.887 5375652.23 2.574
6 5016466.778 5375632.567 2.563
6.2 5016464.552 5375631.225 2.566
440 5016464.608 5375631.735 2.59
6.2 5016463.826 5375632.806 2.55
6.2 5016463.845 5375632.892 2.504
6.2 5016462.261 5375631.984 2.546
6.2 5016463.093 5375630.537 2.552
441 5016460.898 5375630.131 2.572
55 5016471.638 5375624.867 2.657
80 5016471.95 5375624.278 2.664
8.5 5016472.767 5375623.499 2.674
444 5016470.82 5375622.48 3.074
55 5016474.298 5375621.851 2.776
5 5016473.289 5375620.897 2.756
55 5016472.613 5375620.846 2.696
30 5016469.754 5375621.428 2.693
3 5016470.03 5375622.663 2.628
30 5016468.145 5375620.035 2.669
31 5016468.77 5375619.31 3.234
55 5016469.584 5375618.711 3.272
55 5016469.824 5375618.867 3.259
55 5016470.611 5375619.574 3.256
55 5016470.785 5375619.781 3.255
55 5016468.429 5375617.163 2.695
90 5016468.894 5375616.591 2.717
55 5016470.741 5375614.52 2.786
71 5016474.527 5375604.964 2.906
51 5016474.494 5375598.975 2.817
50 5016474.13 5375598.876 2.831
61 5016474.083 5375598.816 2.946
66 5016473.531 5375599.071 3.052
66 5016473.508 5375599.109 2.778
13 5016475.662 5375597.773 2.963
88 5016475.563 5375598.414 2.968
88 5016475.357 5375598.838 3.033
5 5016474.362 5375598.084 2.921
13 5016469.533 5375596.19 3.005
5 5016469.076 5375596.291 2.997
41 5016468.278 5375595.603 3.036
7 5016470.183 5375595.836 2.914
51 5016458.849 5375589.292 3.192
50 5016458.617 5375588.971 3.098
44 5016458.241 5375589.288 3.204
5 5016459.395 5375588.577 2.732
41 5016461.243 5375588.116 2.762
7.5 5016459.417 5375581.946 2.753
8.8 5016458.964 5375583.932 3.781
88 5016456.633 5375583.749 3.195
5 5016455.042 5375584.679 2.994
7 5016449.486 5375585.936 3.221
7 5016449.689 5375586.08 3.183
50 5016449.925 5375586.579 -1995.06
51 5016450.277 5375586.484 3.065
90 5016445.998 5375606.831 -1995.552
55 5016448.659 5375614.32 3.296
31.7 5016451.081 5375618.334 3.252
30.7 5016451.774 5375617.944 2.768
77 5016452.282 5375618.242 2.566
77 5016452.175 5375617.916 2.718
139 5016450.63 5375619.372 2.677
444 5016449.752 5375620.124 2.728
61- 5016450.418 5375620.516 2.599
66 5016450.909 5375621.897 2.58
66 5016452.103 5375620.483 2.546
440 5016452.024 5375622.417 2.583
133 5016453.793 5375622.759 2.542
133 5016454.293 5375624.459 2.563
133 5016454.833 5375626.034 2.552
66 5016454.565 5375627.065 2.561
66 5016453.259 5375628.528 2.561
66 5016453.259 5375628.504 2.513
6 5016458.118 5375630.199 2.553
55- 5016449.163 5375614.137 -1994.161
55- 5016447.404 5375606.262 -1989.385
55- 5016446.354 5375606.597 -1989.35
444 5016458.432 5375615.435 2.739
55 5016475.591 5375589.78 -1991.616
88 5016459.212 5375613.938 2.747
55- 5016470.954 5375625.703 -1993.265
5- 5016481.509 5375635.152 -1993.279
55- 5016493.42 5375645.864 -1992.557
55- 5016492.534 5375646.929 -1993.228
T106 5016459.744 5375624.28 2.592
9901 5016468.09 5375686.823 2.389
T107 5016492.89 5375652.236 2.574
9902 5016322.702 5375731.459 2.555
   
