
                           В  Е  Д  О  М  О  С  Т  Ь    В  Ы  Ч  И  С  Л  Е  Н  И  Я    К  О  О  Р  Д  И  Н  А  Т
-----------------------------------------------------------------------------------------------------------------------------------------------
|  Название   |  Длина  | Направ-  |  Угол   |  Высота  |   Дир.   |        П р и р а щ е н и я      |            К о о р д и н а т ы         |
|   точки     |  линии  |  ление   | наклона | наведения|   угол   |---------------------------------|----------------------------------------|
|             |    м.   |  г.мс    |   г.мс  |     м.   |   г.мс   |   DX, м. |   DY, м. |   DZ, м.  |     X, м.   |    Y, м.    |     Z, м.  |
|-------------|---------|----------|---------|----------|----------|----------|----------|-----------|--------- ---|-------------|------------|
|      1      |     2   |     3    |    4    |     5    |     6    |     7    |     8    |      9    |     10      |      11     |      12    |
-----------------------------------------------------------------------------------------------------------------------------------------------
                                   Станция 1301       Ориентир 1302      Высота инструмента i = 1.538
-----------------------------------------------------------------------------------------------------------------------------------------------
|       1301 |          |          |         |          |          |          |          |           |  478676.113 | 2296967.264 |     11.220 |
|       1302 |          |          |         |          |          |          |          |           |  478685.352 | 2296938.168 |            |
|       1302 |   30.526 | 359.5953 |  0.3009 |    1.600 | 287.3652 |    9.237 |  -29.094 |     0.206 |  478685.350 | 2296938.170 |     11.426 |
|       T100 |   39.878 | 185.4548 |  0.0646 |    1.600 | 113.2247 |  -15.825 |   36.604 |     0.016 |  478660.288 | 2297003.868 |     11.236 |
|         74 |   38.664 | 187.5056 |  0.0443 |    1.600 | 115.2755 |  -16.624 |   34.908 |    -0.009 |  478659.489 | 2297002.172 |     11.211 |
|         23 |   38.375 | 185.0702 |  0.0505 |    1.600 | 112.4401 |  -14.830 |   35.394 |    -0.005 |  478661.283 | 2297002.658 |     11.215 |
|         23 |   38.060 | 181.5655 |  0.0507 |    1.600 | 109.3354 |  -12.745 |   35.862 |    -0.005 |  478663.368 | 2297003.126 |     11.215 |
|         74 |   37.748 | 180.2318 |  0.1056 |    1.600 | 108.0017 |  -11.668 |   35.899 |     0.058 |  478664.445 | 2297003.163 |     11.278 |
|        774 |   19.558 | 180.4650 |  0.1403 |    1.600 | 108.2349 |   -6.172 |   18.558 |     0.018 |  478669.941 | 2296985.822 |     11.238 |
|         23 |   19.678 | 184.4658 |  0.1718 |    1.600 | 112.2357 |   -7.498 |   18.193 |     0.037 |  478668.615 | 2296985.457 |     11.257 |
|         23 |   20.119 | 192.0845 |  0.1344 |    1.600 | 119.4544 |   -9.987 |   17.465 |     0.018 |  478666.126 | 2296984.729 |     11.238 |
|         74 |   20.657 | 198.0756 |  0.1614 |    1.600 | 125.4455 |  -12.068 |   16.765 |     0.036 |  478664.045 | 2296984.029 |     11.256 |
|         23 |    4.184 | 235.1543 |  1.5906 |    1.600 | 162.5242 |   -3.996 |    1.231 |     0.083 |  478672.117 | 2296968.495 |     11.303 |
|         23 |    2.835 | 199.3423 |  2.4631 |    1.600 | 127.1122 |   -1.712 |    2.256 |     0.075 |  478674.401 | 2296969.520 |     11.295 |
|         74 |    7.897 | 268.1907 |  0.2718 |    1.600 | 195.5606 |   -7.593 |   -2.168 |     0.001 |  478668.520 | 2296965.096 |     11.221 |
|         31 |   11.616 | 261.4402 | -0.1302 |    1.600 | 189.2101 |  -11.462 |   -1.887 |    -0.106 |  478664.651 | 2296965.377 |     11.114 |
|         30 |   19.678 | 252.1320 | -4.4322 |    1.600 | 179.5019 |  -19.611 |    0.055 |    -1.682 |  478656.502 | 2296967.319 |      9.538 |
|         31 |   25.213 | 260.1134 | -0.5142 |    1.600 | 187.4833 |  -24.976 |   -3.425 |    -0.441 |  478651.137 | 2296963.839 |     10.779 |
|         74 |   22.369 | 345.5725 |  0.2960 |    1.600 | 273.3424 |    1.394 |  -22.325 |     0.133 |  478677.507 | 2296944.939 |     11.353 |
|         23 |   22.860 | 352.3340 |  0.2537 |    1.600 | 280.1039 |    4.039 |  -22.500 |     0.108 |  478680.152 | 2296944.764 |     11.328 |
|         23 |   24.003 | 359.3804 |  0.2510 |    1.600 | 287.1503 |    7.118 |  -22.923 |     0.114 |  478683.231 | 2296944.341 |     11.334 |
|         12 |   25.383 |   9.0618 |  0.2021 |    1.600 | 296.4317 |   11.413 |  -22.672 |     0.088 |  478687.526 | 2296944.592 |     11.308 |
|          7 |   24.638 |   9.5752 |  0.0715 |    1.600 | 297.3451 |   11.407 |  -21.838 |    -0.010 |  478687.520 | 2296945.426 |     11.210 |
|        550 |   20.751 |  12.2125 |  0.0408 |    1.600 | 299.5824 |   10.367 |  -17.976 |    -0.037 |  478686.480 | 2296949.288 |     11.183 |
|        551 |   17.371 |  14.4644 |  0.0453 |    1.600 | 302.2343 |    9.307 |  -14.668 |    -0.037 |  478685.420 | 2296952.596 |     11.183 |
|        71- |   13.108 |  19.1723 |  0.0851 |    1.600 | 306.5422 |    7.871 |  -10.481 |    -0.028 |  478683.984 | 2296956.783 |     11.192 |
|         55 |   18.248 |  25.3903 |  0.0204 |    1.600 | 313.1602 |   12.507 |  -13.288 |    -0.051 |  478688.620 | 2296953.976 |     11.169 |
|         77 |    9.837 |  47.0004 |  0.1245 |    1.600 | 334.3703 |    8.887 |   -4.217 |    -0.026 |  478685.000 | 2296963.047 |     11.194 |
|    551.55- |   14.924 |  62.5832 |  0.1315 |    1.600 | 350.3531 |   14.723 |   -2.440 |    -0.004 |  478690.836 | 2296964.824 |     11.216 |
|        55- |   13.431 |  78.5824 |  0.2937 |    1.600 |   6.3523 |   13.342 |    1.541 |     0.054 |  478689.455 | 2296968.805 |     11.274 |
|        774 |    9.575 | 105.4342 |  0.0843 |    1.600 |  33.2041 |    7.999 |    5.263 |    -0.038 |  478684.112 | 2296972.527 |     11.182 |
|         74 |   13.336 |  97.0615 |  0.3023 |    1.600 |  24.4314 |   12.113 |    5.577 |     0.056 |  478688.226 | 2296972.841 |     11.276 |
|         12 |   10.683 | 122.1047 |  0.4644 |    1.600 |  49.4746 |    6.895 |    8.158 |     0.083 |  478683.008 | 2296975.422 |     11.303 |
|         74 |   18.726 | 142.1509 |  0.4231 | 2000.000 |  69.5208 |    6.444 |   17.581 | -1998.230 |  478682.557 | 2296984.845 |  -1987.010 |
|        999 |   11.932 | 123.5712 | 27.3925 |    0.000 |  51.3411 |    6.569 |    8.279 |     7.077 |  478682.682 | 2296975.543 |     18.297 |
|        550 |   17.566 |  51.0021 |  2.2902 | 2000.000 | 338.3720 |   16.342 |   -6.397 | -1997.701 |  478692.455 | 2296960.867 |  -1986.481 |
-----------------------------------------------------------------------------------------------------------------------------------------------
                                   Станция 100       Ориентир 1301      Высота инструмента i = 1.58
-----------------------------------------------------------------------------------------------------------------------------------------------
|        100 |          |          |         |          |          |          |          |           |  478660.283 | 2297003.862 |     11.231 |
|       1301 |          |          |         |          |          |          |          |           |  478676.113 | 2296967.264 |            |
|       1301 |   39.884 | 359.5955 |  0.0054 |    1.600 | 293.2320 |   15.833 |  -36.607 |    -0.010 |  478676.116 | 2296967.255 |     11.221 |
|       T101 |   68.564 | 164.3757 | -0.1338 |    1.600 |  98.0122 |   -9.569 |   67.892 |    -0.292 |  478650.714 | 2297071.754 |     10.939 |
|         74 |   43.653 | 161.2650 |  0.0041 |    1.600 |  94.5015 |   -3.681 |   43.498 |    -0.011 |  478656.602 | 2297047.360 |     11.220 |
|         23 |   43.705 | 164.1757 | -0.0534 |    1.600 |  97.4122 |   -5.848 |   43.312 |    -0.091 |  478654.435 | 2297047.174 |     11.140 |
|         23 |   43.877 | 167.3545 | -0.0324 |    1.600 | 100.5910 |   -8.362 |   43.073 |    -0.063 |  478651.921 | 2297046.935 |     11.168 |
|         74 |   45.491 | 173.0346 | -0.0709 |    1.600 | 106.2711 |  -12.884 |   43.628 |    -0.115 |  478647.399 | 2297047.490 |     11.116 |
|          3 |   36.139 | 179.5047 | -0.1101 |    1.600 | 113.1412 |  -14.258 |   33.207 |    -0.136 |  478646.025 | 2297037.069 |     11.095 |
|         74 |   26.692 | 170.1029 |  0.0650 |    1.600 | 103.3354 |   -6.261 |   25.947 |     0.033 |  478654.022 | 2297029.809 |     11.264 |
|         23 |   25.123 | 168.2421 | -0.1135 |    1.600 | 101.4746 |   -5.136 |   24.592 |    -0.105 |  478655.147 | 2297028.454 |     11.126 |
|         23 |   24.639 | 160.0343 | -0.0131 |    1.600 |  93.2708 |   -1.484 |   24.594 |    -0.031 |  478658.799 | 2297028.456 |     11.200 |
|         74 |   24.714 | 158.1448 | -0.1240 |    1.600 |  91.3813 |   -0.706 |   24.704 |    -0.111 |  478659.577 | 2297028.566 |     11.120 |
|         74 |    9.991 | 143.2328 | -0.5543 |    1.600 |  76.4653 |    2.284 |    9.725 |    -0.182 |  478662.567 | 2297013.587 |     11.049 |
|         23 |    9.426 | 148.3302 | -0.1234 |    1.600 |  81.5627 |    1.321 |    9.333 |    -0.054 |  478661.604 | 2297013.195 |     11.177 |
|         23 |    7.863 | 169.1247 |  0.1631 |    1.600 | 102.3612 |   -1.716 |    7.673 |     0.018 |  478658.567 | 2297011.535 |     11.249 |
|         74 |    8.502 | 177.2026 | -0.2602 |    1.600 | 110.4351 |   -3.009 |    7.951 |    -0.084 |  478657.274 | 2297011.813 |     11.147 |
|         31 |   14.256 | 202.2458 | -0.3041 |    1.600 | 135.4823 |  -10.221 |    9.937 |    -0.147 |  478650.062 | 2297013.799 |     11.084 |
|         30 |   20.112 | 222.1634 | -4.4030 |    1.600 | 155.3959 |  -18.264 |    8.260 |    -1.659 |  478642.019 | 2297012.122 |      9.572 |
|         31 |   26.073 | 223.4800 | -1.1020 |    1.600 | 157.1125 |  -24.029 |   10.106 |    -0.553 |  478636.254 | 2297013.968 |     10.678 |
|         12 |   19.135 |  99.0859 | -0.0451 |    1.600 |  32.3224 |   16.131 |   10.292 |    -0.047 |  478676.414 | 2297014.154 |     11.184 |
|          3 |   24.182 | 126.2352 | -0.1054 |    1.600 |  59.4717 |   12.168 |   20.897 |    -0.097 |  478672.451 | 2297024.759 |     11.134 |
|          3 |   32.956 | 139.2131 | -0.1834 |    1.600 |  72.4456 |    9.773 |   31.473 |    -0.198 |  478670.056 | 2297035.335 |     11.033 |
|         74 |   15.613 |  76.2424 | -0.0112 |    1.600 |   9.4749 |   15.385 |    2.657 |    -0.025 |  478675.668 | 2297006.519 |     11.206 |
|         74 |   19.162 |  74.5103 |  0.0515 |    1.600 |   8.1428 |   18.964 |    2.747 |     0.009 |  478679.247 | 2297006.609 |     11.240 |
|         74 |   22.854 | 127.4809 | -0.0841 |    1.600 |  61.1134 |   11.012 |   20.026 |    -0.078 |  478671.295 | 2297023.888 |     11.153 |
|         74 |   25.916 | 126.2414 | -0.0730 |    1.600 |  59.4739 |   13.039 |   22.397 |    -0.077 |  478673.322 | 2297026.259 |     11.154 |
|         74 |   35.772 | 139.1735 | -0.1342 |    1.600 |  72.4100 |   10.648 |   34.150 |    -0.163 |  478670.931 | 2297038.012 |     11.068 |
|         74 |   30.180 | 139.2740 | -0.1731 |    1.600 |  72.5105 |    8.898 |   28.838 |    -0.174 |  478669.181 | 2297032.700 |     11.057 |
-----------------------------------------------------------------------------------------------------------------------------------------------
                                   Станция 101       Ориентир 100      Высота инструмента i = 1.55
-----------------------------------------------------------------------------------------------------------------------------------------------
|        101 |          |          |         |          |          |          |          |           |  478650.714 | 2297071.740 |     10.930 |
|        100 |          |          |         |          |          |          |          |           |  478660.283 | 2297003.862 |            |
|       T100 |   68.557 | 359.5954 |  0.1741 |    1.600 | 278.0122 |    9.568 |  -67.885 |     0.303 |  478660.282 | 2297003.855 |     11.233 |
|       T102 |   49.147 | 141.4810 | -0.0948 |    1.600 |  59.4938 |   24.702 |   42.488 |    -0.190 |  478675.416 | 2297114.228 |     10.740 |
|         23 |   46.708 | 142.2019 | -0.0742 |    1.600 |  60.2147 |   23.097 |   40.597 |    -0.155 |  478673.811 | 2297112.337 |     10.775 |
|         74 |   46.099 | 143.2709 | -0.0221 |    1.600 |  61.2837 |   22.013 |   40.504 |    -0.082 |  478672.727 | 2297112.244 |     10.848 |
|         23 |   46.224 | 142.0731 | -0.1027 |    1.600 |  60.0859 |   23.007 |   40.091 |    -0.191 |  478673.721 | 2297111.831 |     10.739 |
|         23 |   46.001 | 138.3308 | -0.1040 |    1.600 |  56.3436 |   25.338 |   38.393 |    -0.193 |  478676.052 | 2297110.133 |     10.737 |
|         74 |   46.443 | 136.4315 | -0.1145 |    1.600 |  54.4443 |   26.807 |   37.925 |    -0.209 |  478677.521 | 2297109.665 |     10.721 |
|         12 |   40.044 | 154.3351 | -0.0008 |    1.600 |  72.3519 |   11.982 |   38.209 |    -0.052 |  478662.696 | 2297109.949 |     10.878 |
|          3 |   33.485 | 160.2657 | -0.0355 |    1.600 |  78.2825 |    6.691 |   32.810 |    -0.088 |  478657.405 | 2297104.550 |     10.842 |
|          3 |   25.186 | 167.1539 | -0.3125 |    1.600 |  85.1707 |    2.070 |   25.100 |    -0.280 |  478652.784 | 2297096.840 |     10.650 |
|         12 |   14.635 | 173.1223 | -0.4213 |    1.600 |  91.1351 |   -0.314 |   14.631 |    -0.230 |  478650.400 | 2297086.371 |     10.700 |
|        122 |   14.631 | 164.2446 | -0.3726 |    1.600 |  82.2614 |    1.926 |   14.503 |    -0.209 |  478652.640 | 2297086.243 |     10.721 |
|       7744 |    4.832 | 169.1757 |  0.4052 |    1.600 |  87.1925 |    0.226 |    4.826 |     0.007 |  478650.940 | 2297076.566 |     10.937 |
|         74 |   12.868 | 206.2524 |  0.0446 |    1.600 | 124.2652 |   -7.279 |   10.612 |    -0.032 |  478643.435 | 2297082.352 |     10.898 |
|        323 |   12.863 | 215.1059 | -0.4011 |    1.600 | 133.1227 |   -8.806 |    9.375 |    -0.200 |  478641.908 | 2297081.115 |     10.730 |
|         74 |   13.657 | 223.5109 | -0.2337 |    1.600 | 141.5237 |  -10.744 |    8.431 |    -0.144 |  478639.970 | 2297080.171 |     10.786 |
|         74 |    6.058 | 251.1437 |  1.2444 |    1.600 | 169.1605 |   -5.950 |    1.128 |     0.099 |  478644.764 | 2297072.868 |     11.029 |
|     23.323 |    2.266 |  38.5649 |  2.3951 |    1.600 | 316.5817 |    1.655 |   -1.545 |     0.055 |  478652.369 | 2297070.195 |     10.985 |
|         74 |   18.369 | 335.2008 |  0.4404 |    1.600 | 253.2136 |   -5.260 |  -17.598 |     0.185 |  478645.454 | 2297054.142 |     11.115 |
|         23 |   15.024 | 352.0452 |  0.5511 |    1.600 | 270.0620 |    0.028 |  -15.022 |     0.191 |  478650.742 | 2297056.718 |     11.121 |
|         23 |   15.135 |   0.3205 |  0.3513 |    1.600 | 278.3333 |    2.252 |  -14.966 |     0.105 |  478652.966 | 2297056.774 |     11.035 |
|       7744 |    9.637 |  21.2302 |  0.3706 |    1.600 | 299.2430 |    4.732 |   -8.395 |     0.054 |  478655.446 | 2297063.345 |     10.984 |
|       7744 |   10.370 |  31.2029 |  1.0816 |    1.600 | 309.2157 |    6.576 |   -8.016 |     0.156 |  478657.290 | 2297063.724 |     11.086 |
|         74 |   20.043 |  37.4203 | -0.0655 |    1.600 | 315.4331 |   14.351 |  -13.992 |    -0.090 |  478665.065 | 2297057.748 |     10.840 |
|         12 |   25.100 |  22.3413 |  0.1739 |    1.600 | 300.3541 |   12.775 |  -21.606 |     0.079 |  478663.489 | 2297050.134 |     11.009 |
|         74 |    8.148 |  72.1728 |  0.5641 |    1.600 | 350.1856 |    8.031 |   -1.371 |     0.084 |  478658.745 | 2297070.369 |     11.014 |
|         23 |    5.020 |  71.2320 |  0.1122 |    1.600 | 349.2448 |    4.935 |   -0.922 |    -0.033 |  478655.649 | 2297070.818 |     10.897 |
|         74 |   23.994 | 127.3258 |  0.2917 |    1.600 |  45.3426 |   16.795 |   17.135 |     0.154 |  478667.509 | 2297088.875 |     11.084 |
|         23 |   23.810 | 133.0912 |  0.0834 |    1.600 |  51.1040 |   14.927 |   18.550 |     0.009 |  478665.641 | 2297090.290 |     10.939 |
|         23 |   23.412 | 140.5939 |  0.0537 |    1.600 |  59.0107 |   12.052 |   20.072 |    -0.012 |  478662.766 | 2297091.812 |     10.918 |
|         74 |   23.293 | 146.1218 | -0.3052 |    1.600 |  64.1346 |   10.127 |   20.975 |    -0.259 |  478660.841 | 2297092.715 |     10.671 |
|        999 |   25.386 |  21.4841 | 13.0017 |    0.000 | 299.5009 |   12.306 |  -21.456 |     7.263 |  478663.020 | 2297050.284 |     18.193 |
|        999 |   43.599 | 163.5600 |  8.3641 |    0.000 |  81.5728 |    6.031 |   42.684 |     8.078 |  478656.745 | 2297114.424 |     19.008 |
|         12 |   43.594 | 164.0516 |  8.3222 | 2000.000 |  82.0644 |    5.916 |   42.703 | -1991.977 |  478656.630 | 2297114.443 |  -1981.047 |
|         40 |   30.114 | 146.1846 |  2.2124 | 2000.000 |  64.2014 |   13.031 |   27.121 | -1997.212 |  478663.745 | 2297098.861 |  -1986.282 |
-----------------------------------------------------------------------------------------------------------------------------------------------
                                   Станция 102       Ориентир 101      Высота инструмента i = 1.507
-----------------------------------------------------------------------------------------------------------------------------------------------
|        102 |          |          |         |          |          |          |          |           |  478675.411 | 2297114.212 |     10.733 |
|        101 |          |          |         |          |          |          |          |           |  478650.714 | 2297071.740 |            |
|       T101 |   49.133 | 359.5957 |  0.2042 |    1.600 | 239.4918 |  -24.698 |  -42.473 |     0.203 |  478650.713 | 2297071.739 |     10.936 |
|       T103 |   33.840 | 157.3344 |  0.1548 |    1.600 |  37.2305 |   26.888 |   20.546 |     0.063 |  478702.299 | 2297134.758 |     10.796 |
|         23 |   31.598 | 157.2452 |  0.1432 |    1.600 |  37.1413 |   25.156 |   19.120 |     0.041 |  478700.567 | 2297133.332 |     10.774 |
|         74 |   28.386 | 154.5726 |  0.2644 |    1.600 |  34.4647 |   23.314 |   16.192 |     0.128 |  478698.725 | 2297130.404 |     10.861 |
|         12 |   26.857 | 152.0750 |  0.4222 |    1.600 |  31.5711 |   22.786 |   14.212 |     0.238 |  478698.197 | 2297128.424 |     10.971 |
|         23 |   27.044 | 164.5843 |  0.2818 |    1.600 |  44.4804 |   19.189 |   19.056 |     0.130 |  478694.600 | 2297133.268 |     10.863 |
|      31.74 |   27.198 | 166.1254 |  0.3415 |    1.600 |  46.0215 |   18.880 |   19.576 |     0.178 |  478694.291 | 2297133.788 |     10.911 |
|         30 |   27.615 | 169.0104 | -0.3816 |    1.600 |  48.5025 |   18.174 |   20.789 |    -0.400 |  478693.585 | 2297135.001 |     10.333 |
|         31 |   27.958 | 171.4440 |  0.1120 |    1.600 |  51.3401 |   17.379 |   21.900 |    -0.001 |  478692.790 | 2297136.112 |     10.732 |
|      31.74 |   17.219 | 175.5143 |  0.3850 |    1.600 |  55.4104 |    9.707 |   14.221 |     0.102 |  478685.118 | 2297128.433 |     10.835 |
|         30 |   18.038 | 179.2731 | -0.5805 |    1.600 |  59.1652 |    9.213 |   15.505 |    -0.398 |  478684.624 | 2297129.717 |     10.335 |
|         31 |   18.713 | 183.5740 |  0.0602 |    1.600 |  63.4701 |    8.267 |   16.788 |    -0.060 |  478683.678 | 2297131.000 |     10.673 |
|         23 |   15.744 | 169.0849 |  0.1733 |    1.600 |  48.5810 |   10.335 |   11.876 |    -0.013 |  478685.746 | 2297126.088 |     10.720 |
|         23 |   15.693 | 159.0747 |  0.1728 |    1.600 |  38.5708 |   12.204 |    9.866 |    -0.013 |  478687.615 | 2297124.078 |     10.720 |
|         74 |   16.035 | 151.4852 |  0.1612 |    1.600 |  31.3813 |   13.652 |    8.411 |    -0.017 |  478689.063 | 2297122.623 |     10.716 |
|        122 |   10.898 | 317.0614 |  1.3149 |    1.600 | 196.5535 |  -10.422 |   -3.172 |     0.198 |  478664.989 | 2297111.040 |     10.931 |
|        999 |   13.998 | 318.2711 | 24.2526 |    0.000 | 198.1632 |  -12.102 |   -3.997 |     7.295 |  478663.309 | 2297110.215 |     18.028 |
|        999 |   27.377 | 152.4145 | 12.2904 |    0.000 |  32.3106 |   22.539 |   14.369 |     7.425 |  478697.950 | 2297128.581 |     18.158 |
-----------------------------------------------------------------------------------------------------------------------------------------------
                                   Станция 103       Ориентир 102      Высота инструмента i = 1.503
-----------------------------------------------------------------------------------------------------------------------------------------------
|        103 |          |          |         |          |          |          |          |           |  478702.294 | 2297134.754 |     10.789 |
|        102 |          |          |         |          |          |          |          |           |  478675.411 | 2297114.212 |            |
|       T102 |   33.836 |   0.0007 |  0.0435 |    1.600 | 217.2311 |  -26.885 |  -20.545 |    -0.052 |  478675.409 | 2297114.209 |     10.737 |
|       T104 |   35.381 | 175.4634 |  0.0330 |    1.600 |  33.0938 |   29.619 |   19.353 |    -0.061 |  478731.913 | 2297154.107 |     10.728 |
|         12 |   18.423 | 188.4116 |  0.0837 |    1.600 |  46.0420 |   12.781 |   13.268 |    -0.051 |  478715.075 | 2297148.022 |     10.738 |
|         31 |   18.237 | 186.1202 |  0.0256 |    1.600 |  43.3506 |   13.210 |   12.573 |    -0.081 |  478715.504 | 2297147.327 |     10.708 |
|         23 |   15.208 | 180.1850 |  0.2317 |    1.600 |  37.4154 |   12.033 |    9.300 |     0.006 |  478714.327 | 2297144.054 |     10.795 |
|         23 |   15.043 | 168.4549 |  0.2602 |    1.600 |  26.0853 |   13.503 |    6.629 |     0.017 |  478715.797 | 2297141.383 |     10.806 |
|        774 |   14.060 | 164.4736 |  0.5138 |    1.600 |  22.1040 |   13.018 |    5.307 |     0.114 |  478715.312 | 2297140.061 |     10.903 |
|      31.74 |    5.092 | 217.1251 |  2.1004 |    1.600 |  74.3555 |    1.351 |    4.906 |     0.096 |  478703.645 | 2297139.660 |     10.885 |
|         30 |    6.192 | 223.4818 | -4.1049 |    1.600 |  81.1122 |    0.946 |    6.103 |    -0.548 |  478703.240 | 2297140.857 |     10.241 |
|         31 |    6.867 | 230.0436 | -0.1442 |    1.600 |  87.2740 |    0.304 |    6.860 |    -0.126 |  478702.598 | 2297141.614 |     10.663 |
|         74 |   14.496 | 150.2438 |  0.2749 |    1.600 |   7.4742 |   14.362 |    1.966 |     0.020 |  478716.656 | 2297136.720 |     10.809 |
|         77 |   25.281 |  91.1701 |  3.1629 |    2.800 | 308.4005 |   15.770 |  -19.707 |     0.147 |  478718.064 | 2297115.047 |     10.936 |
|         70 |   26.153 |  99.4339 |  3.0638 |    2.800 | 317.0643 |   19.134 |  -17.773 |     0.122 |  478721.428 | 2297116.981 |     10.911 |
|         71 |   27.217 | 106.2047 |  2.5532 |    2.800 | 323.4351 |   21.915 |  -16.080 |     0.092 |  478724.209 | 2297118.674 |     10.881 |
-----------------------------------------------------------------------------------------------------------------------------------------------
                                   Станция 104       Ориентир 103      Высота инструмента i = 1.522
-----------------------------------------------------------------------------------------------------------------------------------------------
|        104 |          |          |         |          |          |          |          |           |  478731.901 | 2297154.110 |     10.722 |
|        103 |          |          |         |          |          |          |          |           |  478702.294 | 2297134.754 |            |
|       T103 |   35.374 | 359.5956 |  0.1433 |    1.600 | 213.1027 |  -29.608 |  -19.356 |     0.072 |  478702.293 | 2297134.754 |     10.794 |
|       T105 |   75.012 | 173.2137 |  0.0130 |    1.600 |  26.3208 |   67.110 |   33.512 |    -0.045 |  478799.011 | 2297187.622 |     10.677 |
|         23 |   47.942 | 176.1204 |  0.1145 |    1.600 |  29.2235 |   41.777 |   23.518 |     0.086 |  478773.678 | 2297177.628 |     10.808 |
|         23 |   47.504 | 172.0726 |  0.0959 |    1.600 |  25.1757 |   42.948 |   20.300 |     0.060 |  478774.849 | 2297174.410 |     10.782 |
|         23 |   34.196 | 169.2202 |  0.1528 |    1.600 |  22.3233 |   31.583 |   13.110 |     0.076 |  478763.484 | 2297167.220 |     10.798 |
|         23 |   35.484 | 176.4734 |  0.1146 |    1.600 |  29.5805 |   30.740 |   17.725 |     0.043 |  478762.641 | 2297171.835 |     10.765 |
|      31.74 |   35.316 | 179.2300 |  0.1853 |    1.600 |  32.3331 |   29.765 |   19.005 |     0.116 |  478761.666 | 2297173.115 |     10.838 |
|         23 |   22.502 | 168.3955 |  0.1116 |    1.600 |  21.5026 |   20.887 |    8.371 |    -0.004 |  478752.788 | 2297162.481 |     10.718 |
|         23 |   23.499 | 179.2651 |  0.1416 |    1.600 |  32.3722 |   19.792 |   12.668 |     0.020 |  478751.693 | 2297166.778 |     10.742 |
|      31.74 |   24.178 | 181.5740 |  0.4755 |    1.600 |  35.0811 |   19.770 |   13.914 |     0.259 |  478751.671 | 2297168.024 |     10.981 |
|      31.74 |   10.375 | 188.1949 |  1.2331 |    1.600 |  41.3020 |    7.767 |    6.873 |     0.174 |  478739.668 | 2297160.983 |     10.896 |
|         30 |   10.846 | 196.0123 | -1.2019 |    1.600 |  49.1154 |    7.085 |    8.208 |    -0.331 |  478738.986 | 2297162.318 |     10.391 |
|         31 |   11.476 | 200.0558 |  0.3746 |    1.600 |  53.1629 |    6.862 |    9.198 |     0.048 |  478738.763 | 2297163.308 |     10.770 |
|         23 |    8.467 | 180.1008 |  0.4006 |    1.600 |  33.2039 |    7.073 |    4.654 |     0.021 |  478738.974 | 2297158.764 |     10.743 |
|         23 |    8.748 | 159.5442 |  0.4426 |    1.600 |  13.0513 |    8.520 |    1.981 |     0.035 |  478740.421 | 2297156.091 |     10.757 |
|     23.323 |    2.298 | 153.2457 |  3.1800 |    1.600 |   6.3528 |    2.279 |    0.263 |     0.054 |  478734.180 | 2297154.373 |     10.776 |
|        774 |    4.370 | 200.1425 |  0.4314 |    1.600 |  53.2456 |    2.604 |    3.509 |    -0.023 |  478734.505 | 2297157.619 |     10.699 |
|        331 |    4.707 | 215.2254 |  0.3124 |    1.600 |  68.3325 |    1.721 |    4.381 |    -0.035 |  478733.622 | 2297158.491 |     10.687 |
|        331 |    5.450 | 229.3341 |  0.4656 |    1.600 |  82.4412 |    0.689 |    5.406 |    -0.004 |  478732.590 | 2297159.516 |     10.718 |
|        331 |    4.777 | 287.5242 |  2.5947 |    1.600 | 141.0313 |   -3.710 |    2.999 |     0.172 |  478728.191 | 2297157.109 |     10.894 |
|        331 |    3.188 | 298.2858 |  0.3458 |    1.600 | 151.3929 |   -2.806 |    1.513 |    -0.046 |  478729.095 | 2297155.623 |     10.676 |
|        774 |    2.005 | 287.4555 |  3.3133 |    1.600 | 140.5626 |   -1.554 |    1.261 |     0.045 |  478730.347 | 2297155.371 |     10.767 |
|        774 |    8.155 | 239.0854 |  0.3317 |    1.600 |  92.1925 |   -0.331 |    8.148 |     0.001 |  478731.570 | 2297162.258 |     10.723 |
|        774 |   10.003 | 290.0827 |  0.2946 |    1.600 | 143.1858 |   -8.022 |    5.976 |     0.009 |  478723.879 | 2297160.086 |     10.731 |
|        323 |   10.173 | 283.3754 |  0.2259 |    1.600 | 136.4825 |   -7.416 |    6.963 |    -0.010 |  478724.485 | 2297161.073 |     10.712 |
|       7744 |   24.617 |  31.2953 |  0.5800 |    1.600 | 244.4024 |  -10.529 |  -22.248 |     0.337 |  478721.372 | 2297131.862 |     11.059 |
|     77.744 |   18.310 |  56.5555 |  1.0423 |    1.600 | 270.0626 |    0.034 |  -18.307 |     0.265 |  478731.935 | 2297135.803 |     10.987 |
|         70 |   18.035 |  61.0013 |  0.3147 |    1.600 | 274.1044 |    1.314 |  -17.986 |     0.089 |  478733.215 | 2297136.124 |     10.811 |
|         71 |   16.487 |  72.5502 |  0.1201 |    1.600 | 286.0533 |    4.570 |  -15.841 |    -0.020 |  478736.471 | 2297138.269 |     10.702 |
|         12 |    7.389 |  96.1753 |  2.3039 |    1.600 | 309.2824 |    4.693 |   -5.698 |     0.246 |  478736.594 | 2297148.412 |     10.968 |
|        71- |   21.573 | 131.4618 |  0.4059 |    1.600 | 344.5649 |   20.831 |   -5.602 |     0.179 |  478752.732 | 2297148.508 |     10.901 |
|          3 |   27.158 | 148.4738 |  0.2127 |    1.600 |   1.5809 |   27.141 |    0.933 |     0.091 |  478759.042 | 2297155.043 |     10.813 |
|        550 |   34.328 | 131.2325 |  0.2709 |    1.600 | 344.3356 |   33.089 |   -9.136 |     0.193 |  478764.990 | 2297144.974 |     10.915 |
|        551 |   42.834 | 142.1045 |  0.2958 |    1.600 | 355.2116 |   42.692 |   -3.469 |     0.295 |  478774.593 | 2297150.641 |     11.017 |
|         12 |   40.122 | 164.2420 |  0.2654 |    1.600 |  17.3451 |   38.247 |   12.118 |     0.236 |  478770.148 | 2297166.228 |     10.958 |
|       7744 |   55.300 | 166.5651 | -0.0122 |    1.600 |  20.0722 |   51.924 |   19.025 |    -0.100 |  478783.825 | 2297173.135 |     10.622 |
|        774 |   57.471 | 161.0250 |  2.0310 | 2000.000 |  14.1321 |   55.674 |   14.111 | -1996.419 |  478787.575 | 2297168.221 |  -1985.697 |
|         12 |   46.838 |  42.5805 |  3.5438 | 2000.000 | 256.0836 |  -11.191 |  -45.369 | -1995.284 |  478720.710 | 2297108.741 |  -1984.562 |
|        550 |   25.777 |  91.4739 |  5.5839 | 2000.000 | 304.5810 |   14.693 |  -21.008 | -1995.794 |  478746.594 | 2297133.102 |  -1985.072 |
|        551 |   28.200 | 112.5000 |  2.3143 | 2000.000 | 326.0031 |   23.358 |  -15.750 | -1997.234 |  478755.259 | 2297138.360 |  -1986.512 |
-----------------------------------------------------------------------------------------------------------------------------------------------
                                   Станция 105       Ориентир 104      Высота инструмента i = 1.484
-----------------------------------------------------------------------------------------------------------------------------------------------
|        105 |          |          |         |          |          |          |          |           |  478799.005 | 2297187.623 |     10.668 |
|        104 |          |          |         |          |          |          |          |           |  478731.901 | 2297154.110 |            |
|       T104 |   75.020 | 359.5955 |  0.0753 |    1.600 | 206.3213 |  -67.116 |  -33.517 |     0.056 |  478731.889 | 2297154.106 |     10.724 |
|       T106 |   53.068 | 187.1505 |  0.0734 |    1.600 |  33.4723 |   44.104 |   29.514 |     0.001 |  478843.109 | 2297217.137 |     10.669 |
|         23 |   43.734 | 186.1620 |  0.1052 |    1.600 |  32.4838 |   36.757 |   23.698 |     0.022 |  478835.762 | 2297211.321 |     10.690 |
|         12 |   44.356 | 193.0125 |  0.1912 |    1.600 |  39.3343 |   34.195 |   28.250 |     0.132 |  478833.200 | 2297215.873 |     10.800 |
|        774 |   30.608 | 195.0704 |  0.0949 |    1.600 |  41.3922 |   22.869 |   20.344 |    -0.029 |  478821.874 | 2297207.967 |     10.639 |
|        774 |   32.558 | 206.4500 |  0.1349 |    1.600 |  53.1718 |   19.463 |   26.100 |     0.015 |  478818.468 | 2297213.723 |     10.683 |
|         23 |   29.310 | 192.5422 |  0.1547 |    1.600 |  39.2640 |   22.634 |   18.621 |     0.019 |  478821.639 | 2297206.244 |     10.687 |
|         23 |   26.673 | 186.3843 |  0.0855 |    1.600 |  33.1101 |   22.323 |   14.599 |    -0.047 |  478821.328 | 2297202.222 |     10.621 |
|        744 |   25.372 | 183.1717 |  0.1348 |    1.600 |  29.4935 |   22.011 |   12.619 |    -0.014 |  478821.016 | 2297200.242 |     10.654 |
|        744 |   14.066 | 180.1230 |  0.2314 |    1.600 |  26.4448 |   12.561 |    6.330 |    -0.021 |  478811.566 | 2297193.953 |     10.647 |
|         23 |   13.453 | 192.2927 |  0.3953 |    1.600 |  39.0145 |   10.450 |    8.471 |     0.040 |  478809.455 | 2297196.094 |     10.708 |
|         23 |   13.679 | 205.1236 |  0.4553 |    1.600 |  51.4454 |    8.468 |   10.741 |     0.067 |  478807.473 | 2297198.364 |     10.735 |
|        331 |   14.158 | 217.4013 |  2.0611 |    1.600 |  64.1231 |    6.156 |   12.739 |     0.404 |  478805.161 | 2297200.362 |     11.072 |
|         30 |   14.676 | 221.3049 |  0.1634 |    1.600 |  68.0307 |    5.485 |   13.612 |    -0.045 |  478804.490 | 2297201.235 |     10.623 |
|        331 |   15.256 | 225.0611 |  0.5707 |    1.600 |  71.3829 |    4.804 |   14.478 |     0.137 |  478803.809 | 2297202.101 |     10.805 |
|        744 |   16.540 | 237.4403 |  0.5510 |    1.600 |  84.1621 |    1.650 |   16.455 |     0.149 |  478800.655 | 2297204.078 |     10.817 |
|        744 |   11.671 | 265.5304 |  1.3405 |    1.600 | 112.2522 |   -4.450 |   10.785 |     0.203 |  478794.555 | 2297198.408 |     10.871 |
|         31 |   10.631 | 261.2549 |  1.3813 |    1.600 | 107.5807 |   -3.278 |   10.108 |     0.188 |  478795.727 | 2297197.731 |     10.856 |
|         30 |    9.362 | 259.3440 | -1.0045 |    1.600 | 106.0658 |   -2.598 |    8.993 |    -0.281 |  478796.407 | 2297196.616 |     10.387 |
|      31.74 |    7.726 | 265.1717 |  3.4147 |    1.600 | 111.4935 |   -2.867 |    7.157 |     0.382 |  478796.138 | 2297194.780 |     11.050 |
|        744 |   15.551 | 210.1159 |  1.2227 |    1.600 |  56.4417 |    8.527 |   13.000 |     0.257 |  478807.532 | 2297200.623 |     10.925 |
|         74 |    6.777 | 305.4739 |  1.4614 |    1.600 | 152.1957 |   -5.999 |    3.145 |     0.093 |  478793.006 | 2297190.768 |     10.761 |
|         23 |    6.124 | 312.5849 |  2.3224 |    1.600 | 159.3107 |   -5.731 |    2.141 |     0.155 |  478793.274 | 2297189.764 |     10.823 |
|         12 |   26.520 | 347.1558 |  0.1141 |    1.600 | 193.4816 |  -25.754 |   -6.328 |    -0.026 |  478773.251 | 2297181.295 |     10.642 |
|        744 |    9.634 |  21.1633 |  0.1847 |    1.600 | 227.4851 |   -6.469 |   -7.138 |    -0.063 |  478792.536 | 2297180.485 |     10.605 |
|         12 |    7.997 | 126.5404 | 39.0441 | 2000.000 | 333.2622 |    5.553 |   -2.776 | -1993.475 |  478804.558 | 2297184.847 |  -1982.807 |
-----------------------------------------------------------------------------------------------------------------------------------------------
                                   Станция 106       Ориентир 105      Высота инструмента i = 1.491
-----------------------------------------------------------------------------------------------------------------------------------------------
|        106 |          |          |         |          |          |          |          |           |  478843.102 | 2297217.136 |     10.664 |
|        105 |          |          |         |          |          |          |          |           |  478799.005 | 2297187.623 |            |
|       T105 |   53.072 | 359.5955 |  0.0727 |    1.600 | 213.4731 |  -44.106 |  -29.517 |     0.006 |  478798.996 | 2297187.619 |     10.670 |
|       1303 |   54.271 | 170.0927 |  0.2357 |    1.600 |  23.5703 |   49.597 |   22.031 |     0.269 |  478892.699 | 2297239.167 |     10.933 |
|         23 |   42.419 | 168.2127 |  0.2629 |    1.600 |  22.0903 |   39.287 |   15.993 |     0.218 |  478882.389 | 2297233.129 |     10.882 |
|         74 |   41.032 | 182.2602 |  0.3821 |    1.600 |  36.1338 |   33.098 |   24.248 |     0.349 |  478876.200 | 2297241.384 |     11.013 |
|         23 |   41.868 | 163.5702 |  0.3529 |    1.600 |  17.4438 |   39.874 |   12.759 |     0.323 |  478882.976 | 2297229.895 |     10.987 |
|          7 |   44.794 | 150.0152 |  0.3740 |    1.600 |   3.4928 |   44.692 |    2.988 |     0.382 |  478887.794 | 2297220.124 |     11.046 |
|         77 |   43.611 | 154.4239 |  0.4024 |    1.600 |   8.3015 |   43.129 |    6.449 |     0.403 |  478886.231 | 2297223.585 |     11.067 |
|          3 |   31.458 | 141.5314 |  0.5741 |    1.600 | 355.4050 |   31.364 |   -2.369 |     0.419 |  478874.466 | 2297214.767 |     11.083 |
|        122 |   28.268 | 152.4204 |  0.3652 |    1.600 |   6.2940 |   28.085 |    3.197 |     0.194 |  478871.187 | 2297220.333 |     10.858 |
|         12 |   30.485 | 153.5332 |  0.4711 |    1.600 |   7.4108 |   30.208 |    4.077 |     0.309 |  478873.310 | 2297221.213 |     10.973 |
|         23 |   28.509 | 161.2342 |  0.4116 |    1.600 |  15.1118 |   27.511 |    7.469 |     0.233 |  478870.613 | 2297224.605 |     10.897 |
|         23 |   28.099 | 167.4106 |  0.3820 |    1.600 |  21.2842 |   26.146 |   10.288 |     0.204 |  478869.248 | 2297227.424 |     10.868 |
|         74 |   30.714 | 186.0323 |  0.1341 |    1.600 |  39.5059 |   23.580 |   19.681 |     0.013 |  478866.682 | 2297236.817 |     10.677 |
|         74 |   16.698 | 200.0928 |  0.1426 |    1.600 |  53.5704 |    9.826 |   13.500 |    -0.039 |  478852.928 | 2297230.636 |     10.625 |
|          3 |    5.546 | 276.4722 | -1.5243 |    1.600 | 130.3458 |   -3.606 |    4.210 |    -0.291 |  478839.496 | 2297221.346 |     10.373 |
|         74 |    7.257 | 274.1427 |  0.4910 |    1.600 | 128.0203 |   -4.471 |    5.715 |    -0.005 |  478838.631 | 2297222.851 |     10.659 |
|         23 |   12.217 | 157.1524 |  1.1354 |    1.600 |  11.0300 |   11.988 |    2.341 |     0.154 |  478855.090 | 2297219.477 |     10.818 |
|         23 |   13.154 | 144.4058 |  1.0702 |    1.600 | 358.2834 |   13.147 |   -0.350 |     0.147 |  478856.249 | 2297216.786 |     10.811 |
|          3 |   21.358 | 113.4912 |  1.5543 |    1.600 | 327.3648 |   18.026 |  -11.433 |     0.610 |  478861.128 | 2297205.703 |     11.274 |
|        744 |   18.660 |  68.3358 |  2.0317 |    1.600 | 282.2134 |    3.992 |  -18.216 |     0.560 |  478847.094 | 2297198.920 |     11.224 |
|        744 |   10.447 |  32.3649 |  0.4555 |    1.600 | 246.2425 |   -4.181 |   -9.573 |     0.031 |  478838.921 | 2297207.563 |     10.695 |
|         23 |   19.938 |   3.1057 |  0.1128 |    1.600 | 216.5833 |  -15.928 |  -11.992 |    -0.042 |  478827.174 | 2297205.144 |     10.622 |
|        744 |   20.218 |   9.0648 |  0.0141 |    1.600 | 222.5424 |  -14.809 |  -13.765 |    -0.099 |  478828.293 | 2297203.371 |     10.565 |
|         12 |   14.331 |  42.1014 |  9.5936 | 2000.000 | 255.5750 |   -3.423 |  -13.692 | -1996.022 |  478839.679 | 2297203.444 |  -1985.358 |
-----------------------------------------------------------------------------------------------------------------------------------------------
                                   Станция 1303       Ориентир 106      Высота инструмента i = 1.517
-----------------------------------------------------------------------------------------------------------------------------------------------
|       1303 |          |          |         |          |          |          |          |           |  478892.696 | 2297239.168 |     10.926 |
|        106 |          |          |         |          |          |          |          |           |  478843.102 | 2297217.136 |            |
|       1303 |   54.278 |   0.0011 | -0.1113 |    1.600 | 203.5722 |  -49.602 |  -22.039 |    -0.260 |  478843.094 | 2297217.129 |     10.666 |
|       1304 |   66.499 | 155.0132 |  1.3127 |    1.600 | 358.5843 |   66.465 |   -1.185 |     1.686 |  478959.161 | 2297237.983 |     12.612 |
|      777-5 |   51.236 | 149.4604 |  1.2308 |    1.600 | 353.4315 |   50.914 |   -5.602 |     1.156 |  478943.610 | 2297233.566 |     12.082 |
|        551 |   49.385 | 149.3044 |  1.2257 |    1.600 | 353.2755 |   49.050 |   -5.619 |     1.109 |  478941.746 | 2297233.549 |     12.035 |
|        550 |   43.003 | 146.1938 |  1.2402 |    1.600 | 350.1649 |   42.373 |   -7.258 |     0.968 |  478935.069 | 2297231.910 |     11.894 |
|         71 |   41.136 | 145.3122 |  1.2614 |    1.600 | 349.2833 |   40.431 |   -7.511 |     0.949 |  478933.127 | 2297231.657 |     11.875 |
|         70 |   36.291 | 143.1312 |  1.3227 |    1.600 | 347.1023 |   35.373 |   -8.054 |     0.893 |  478928.069 | 2297231.114 |     11.819 |
|         43 |   33.479 | 143.4143 |  1.3434 |    1.600 | 347.3854 |   32.692 |   -7.159 |     0.838 |  478925.388 | 2297232.009 |     11.764 |
|         43 |   31.251 | 142.2550 |  1.4033 |    1.600 | 346.2301 |   30.360 |   -7.354 |     0.831 |  478923.056 | 2297231.814 |     11.757 |
|        551 |   30.370 | 139.1531 |  1.4844 |    1.600 | 343.1242 |   29.061 |   -8.768 |     0.877 |  478921.757 | 2297230.400 |     11.803 |
|        550 |   26.593 | 135.2137 |  1.5526 |    1.600 | 339.1848 |   24.864 |   -9.389 |     0.810 |  478917.560 | 2297229.779 |     11.736 |
|         77 |   26.239 | 136.0941 |  1.4307 |    1.600 | 340.0652 |   24.663 |   -8.921 |     0.704 |  478917.359 | 2297230.247 |     11.630 |
|         11 |   25.754 | 136.2133 |  1.5847 |    1.600 | 340.1844 |   24.234 |   -8.671 |     0.807 |  478916.930 | 2297230.497 |     11.733 |
|         12 |   24.819 | 138.1453 |  2.1053 |    1.600 | 342.1204 |   23.614 |   -7.581 |     0.862 |  478916.310 | 2297231.587 |     11.788 |
|         71 |   24.545 | 134.0432 |  1.2450 |    1.600 | 338.0143 |   22.755 |   -9.181 |     0.523 |  478915.451 | 2297229.987 |     11.449 |
|         70 |   23.607 | 132.4329 |  1.2808 |    1.600 | 336.4040 |   21.671 |   -9.343 |     0.522 |  478914.367 | 2297229.825 |     11.448 |
|         71 |   17.980 | 120.5927 |  1.2158 |    1.600 | 324.5638 |   14.714 |  -10.324 |     0.346 |  478907.410 | 2297228.844 |     11.272 |
|         70 |   15.095 | 109.5359 |  1.3121 |    1.600 | 313.5110 |   10.454 |  -10.881 |     0.318 |  478903.150 | 2297228.287 |     11.244 |
|        551 |   15.273 | 107.5204 |  2.1906 | 2000.000 | 311.4915 |   10.176 |  -11.373 | -1997.865 |  478902.872 | 2297227.795 |  -1986.939 |
|        550 |   13.737 |  91.2240 |  2.4726 |    1.600 | 295.1951 |    5.870 |  -12.401 |     0.586 |  478898.566 | 2297226.767 |     11.512 |
|        122 |   12.766 |  43.4303 |  0.4413 |    1.600 | 247.4014 |   -4.850 |  -11.808 |     0.081 |  478887.846 | 2297227.360 |     11.007 |
|         12 |   14.182 |  36.2654 |  0.1952 |    1.600 | 240.2405 |   -7.005 |  -12.331 |    -0.001 |  478885.691 | 2297226.837 |     10.925 |
|         12 |    9.285 | 345.5006 |  1.0213 |    1.600 | 189.4717 |   -9.148 |   -1.578 |     0.085 |  478883.548 | 2297237.590 |     11.011 |
|        122 |    5.219 | 312.0857 |  1.3956 |    1.600 | 156.0608 |   -4.770 |    2.113 |     0.069 |  478887.926 | 2297241.281 |     10.995 |
|        122 |    6.261 | 310.5654 |  2.2508 |    1.600 | 154.5405 |   -5.665 |    2.653 |     0.181 |  478887.031 | 2297241.821 |     11.107 |
|         12 |    6.374 | 269.5517 | -1.2846 |    1.600 | 113.5228 |   -2.579 |    5.827 |    -0.248 |  478890.117 | 2297244.995 |     10.678 |
|         12 |    9.466 | 282.5258 | -0.2751 |    1.600 | 126.5009 |   -5.675 |    7.576 |    -0.160 |  478887.021 | 2297246.744 |     10.766 |
|        122 |   12.708 | 262.1324 |  0.0352 |    1.600 | 106.1035 |   -3.540 |   12.205 |    -0.069 |  478889.156 | 2297251.373 |     10.857 |
|        122 |   13.821 | 292.0217 | -0.2809 |    1.600 | 135.5928 |   -9.940 |    9.602 |    -0.196 |  478882.756 | 2297248.770 |     10.730 |
|        774 |   18.193 | 307.2037 | -0.4818 |    1.600 | 151.1748 |  -15.956 |    8.737 |    -0.339 |  478876.740 | 2297247.905 |     10.587 |
|        323 |   12.545 | 252.2548 | -0.2011 |    1.600 |  96.2259 |   -1.395 |   12.467 |    -0.157 |  478891.301 | 2297251.635 |     10.769 |
|          7 |    9.035 | 206.3409 |  1.0848 |    1.600 |  50.3120 |    5.743 |    6.972 |     0.098 |  478898.439 | 2297246.140 |     11.024 |
|         77 |    8.429 | 188.4754 |  1.0413 |    1.600 |  32.4505 |    7.088 |    4.559 |     0.074 |  478899.784 | 2297243.727 |     11.000 |
|         77 |   10.675 | 167.3332 |  1.1911 |    1.600 |  11.3043 |   10.457 |    2.130 |     0.163 |  478903.153 | 2297241.298 |     11.089 |
|         13 |   23.385 | 161.2101 |  2.0633 |    1.600 |   5.1812 |   23.269 |    2.160 |     0.778 |  478915.965 | 2297241.328 |     11.704 |
|         70 |   25.330 | 159.5425 |  1.4726 |    1.600 |   3.5136 |   25.260 |    1.704 |     0.708 |  478917.956 | 2297240.872 |     11.634 |
|         71 |   30.081 | 159.0733 |  1.3825 |    1.600 |   3.0444 |   30.025 |    1.615 |     0.778 |  478922.721 | 2297240.783 |     11.704 |
|         13 |   28.647 | 160.0003 |  1.3748 |    1.600 |   3.5714 |   28.567 |    1.975 |     0.732 |  478921.263 | 2297241.143 |     11.658 |
|         80 |   28.106 | 159.5506 |  1.3631 |    1.600 |   3.5217 |   28.031 |    1.897 |     0.706 |  478920.727 | 2297241.065 |     11.632 |
|         13 |   32.986 | 159.0817 |  1.2655 |    1.600 |   3.0528 |   32.927 |    1.778 |     0.751 |  478925.623 | 2297240.946 |     11.677 |
|          7 |   37.916 | 158.0413 |  1.2544 |    1.600 |   2.0124 |   37.881 |    1.338 |     0.862 |  478930.577 | 2297240.506 |     11.788 |
|         13 |   37.867 | 158.3216 |  1.1735 |    1.600 |   2.2927 |   37.822 |    1.645 |     0.772 |  478930.518 | 2297240.813 |     11.698 |
|         23 |   45.032 | 155.1231 |  1.3304 |    1.600 | 359.0942 |   45.011 |   -0.659 |     1.136 |  478937.707 | 2297238.509 |     12.062 |
|         23 |   45.232 | 152.0633 |  1.3353 |    1.600 | 356.0344 |   45.108 |   -3.105 |     1.152 |  478937.804 | 2297236.063 |     12.078 |
|         23 |   31.541 | 148.4426 |  1.5223 |    1.600 | 352.4137 |   31.268 |   -4.009 |     0.948 |  478923.964 | 2297235.159 |     11.874 |
|         23 |   30.278 | 152.4014 |  1.5033 |    1.600 | 356.3725 |   30.210 |   -1.782 |     0.891 |  478922.906 | 2297237.386 |     11.817 |
|         23 |   15.844 | 148.0238 |  1.4356 |    1.600 | 351.5949 |   15.683 |   -2.205 |     0.396 |  478908.379 | 2297236.963 |     11.322 |
|         23 |   16.285 | 136.5219 |  1.5614 |    1.600 | 340.4930 |   15.373 |   -5.346 |     0.468 |  478908.069 | 2297233.822 |     11.394 |
|         23 |    6.560 |  73.5001 |  1.2545 |    1.600 | 277.4712 |    0.889 |   -6.497 |     0.081 |  478893.585 | 2297232.671 |     11.007 |
|     23.323 |    4.107 | 121.2924 |  2.3410 |    1.600 | 325.2635 |    3.379 |   -2.327 |     0.101 |  478896.075 | 2297236.841 |     11.027 |
|        999 |   15.301 |  35.4928 | 22.2832 |    0.000 | 239.4639 |   -7.117 |  -12.217 |     7.366 |  478885.579 | 2297226.951 |     18.292 |
|        999 |    0.000 |  35.4941 | 22.2829 |    0.000 | 239.4652 |    0.000 |    0.000 |     1.517 |  478892.696 | 2297239.168 |     12.443 |
|        999 |   10.761 | 345.2119 | 31.1318 |    0.000 | 189.1830 |   -9.081 |   -1.488 |     7.095 |  478883.615 | 2297237.680 |     18.021 |
|         55 |   22.634 | 116.3420 |  2.0154 | 2000.000 | 320.3131 |   17.460 |  -14.380 | -1997.681 |  478910.156 | 2297224.788 |  -1986.755 |
|        550 |   20.009 | 122.5213 |  2.1837 | 2000.000 | 326.4924 |   16.734 |  -10.940 | -1997.676 |  478909.430 | 2297228.228 |  -1986.750 |
|        551 |   24.013 | 131.1059 |  2.0606 | 2000.000 | 335.0810 |   21.773 |  -10.090 | -1997.602 |  478914.469 | 2297229.078 |  -1986.676 |
-----------------------------------------------------------------------------------------------------------------------------------------------
                                   Станция 1304       Ориентир 1303      Высота инструмента i = 1.443
-----------------------------------------------------------------------------------------------------------------------------------------------
|       1304 |          |          |         |          |          |          |          |           |  478959.197 | 2297237.990 |     12.603 |
|       1303 |          |          |         |          |          |          |          |           |  478892.696 | 2297239.168 |            |
|       1303 |   66.517 |   0.0003 | -1.1823 |    1.600 | 178.5910 |  -66.489 |    1.177 |    -1.674 |  478892.708 | 2297239.167 |     10.929 |
|         12 |   55.314 | 191.3654 |  0.1726 |    1.600 |  10.3601 |   54.369 |   10.175 |     0.124 |  479013.566 | 2297248.165 |     12.727 |
|         77 |   54.814 | 191.0251 |  0.0729 |    1.600 |  10.0158 |   53.976 |    9.549 |    -0.038 |  479013.173 | 2297247.539 |     12.565 |
|         77 |   54.334 | 189.4739 | -0.0134 |    1.600 |   8.4646 |   53.697 |    8.293 |    -0.182 |  479012.894 | 2297246.283 |     12.421 |
|          3 |   52.386 | 189.4639 |  0.0331 |    1.600 |   8.4546 |   51.775 |    7.981 |    -0.103 |  479010.972 | 2297245.971 |     12.500 |
|         77 |   48.913 | 190.4811 |  0.0740 |    1.600 |   9.4718 |   48.201 |    8.316 |    -0.048 |  479007.398 | 2297246.306 |     12.555 |
|         71 |   39.138 | 189.5527 | -0.0033 |    1.600 |   8.5434 |   38.666 |    6.061 |    -0.163 |  478997.863 | 2297244.051 |     12.440 |
|         13 |   39.746 | 189.0220 |  0.0549 |    1.600 |   8.0127 |   39.357 |    5.548 |    -0.090 |  478998.554 | 2297243.538 |     12.513 |
|         71 |   34.775 | 189.3307 | -0.0619 |    1.600 |   8.3214 |   34.390 |    5.162 |    -0.221 |  478993.587 | 2297243.152 |     12.382 |
|         77 |   29.819 | 188.2336 | -0.0452 |    1.600 |   7.2243 |   29.572 |    3.829 |    -0.199 |  478988.769 | 2297241.819 |     12.404 |
|         71 |   28.810 | 188.2344 |  0.0550 |    1.600 |   7.2251 |   28.571 |    3.701 |    -0.108 |  478987.768 | 2297241.691 |     12.495 |
|         13 |   29.631 | 186.5252 |  2.0603 | 2000.000 |   5.5159 |   29.456 |    3.026 | -1997.471 |  478988.653 | 2297241.016 |  -1984.868 |
|         70 |   25.261 | 187.4741 |  0.1333 |    1.600 |   6.4648 |   25.084 |    2.982 |    -0.057 |  478984.281 | 2297240.972 |     12.546 |
|         12 |   22.854 | 190.1344 |  0.1653 |    1.600 |   9.1251 |   22.559 |    3.659 |    -0.045 |  478981.756 | 2297241.649 |     12.558 |
|         71 |   18.343 | 185.5450 |  0.0225 |    1.600 |   4.5357 |   18.276 |    1.567 |    -0.144 |  478977.473 | 2297239.557 |     12.459 |
|         70 |   17.422 | 185.5142 |  0.0338 |    1.600 |   4.5049 |   17.360 |    1.472 |    -0.139 |  478976.557 | 2297239.462 |     12.464 |
|         77 |    8.171 | 177.1352 | -1.0709 |    1.600 | 356.1259 |    8.152 |   -0.539 |    -0.317 |  478967.349 | 2297237.451 |     12.286 |
|         77 |    4.817 | 162.1603 | -4.2528 |    1.600 | 341.1510 |    4.548 |   -1.544 |    -0.529 |  478963.745 | 2297236.446 |     12.074 |
|    77.7773 |    2.434 |  91.1141 | -2.5339 |    1.600 | 270.1048 |    0.008 |   -2.431 |    -0.280 |  478959.205 | 2297235.559 |     12.323 |
|         71 |    3.129 |  53.2431 | -0.0621 |    1.600 | 232.2338 |   -1.909 |   -2.479 |    -0.163 |  478957.288 | 2297235.511 |     12.440 |
|         70 |    5.654 |  32.0732 | -1.1503 |    1.600 | 211.0639 |   -4.840 |   -2.921 |    -0.280 |  478954.357 | 2297235.069 |     12.323 |
|         12 |    9.202 |  20.3218 | -1.5031 |    1.600 | 199.3125 |   -8.668 |   -3.074 |    -0.453 |  478950.529 | 2297234.916 |     12.150 |
|         71 |   12.890 |  18.3621 | -2.0520 |    1.600 | 197.3528 |  -12.279 |   -3.893 |    -0.627 |  478946.918 | 2297234.097 |     11.976 |
|         70 |   13.887 |  18.3334 | -1.4951 |    1.600 | 197.3241 |  -13.234 |   -4.184 |    -0.601 |  478945.963 | 2297233.806 |     12.002 |
|         13 |   21.762 | 354.4259 | -1.1037 |    1.600 | 173.4206 |  -21.626 |    2.387 |    -0.604 |  478937.571 | 2297240.377 |     11.999 |
|      777-5 |   17.622 | 350.5326 | -1.4342 |    1.600 | 169.5233 |  -17.340 |    3.096 |    -0.688 |  478941.857 | 2297241.086 |     11.915 |
|         13 |   16.429 | 350.5845 | -1.0404 |    1.600 | 169.5752 |  -16.175 |    2.862 |    -0.463 |  478943.022 | 2297240.852 |     12.140 |
|         13 |   14.435 | 349.2043 | -0.1838 |    1.600 | 168.1950 |  -14.136 |    2.920 |    -0.235 |  478945.061 | 2297240.910 |     12.368 |
|         13 |   11.029 | 341.2853 | -0.4918 |    1.600 | 160.2800 |  -10.393 |    3.687 |    -0.315 |  478948.804 | 2297241.677 |     12.288 |
|         13 |    7.105 | 322.3507 | -0.2343 |    1.600 | 141.3414 |   -5.566 |    4.416 |    -0.206 |  478953.631 | 2297242.406 |     12.397 |
|          7 |    6.166 | 306.3354 | -0.5312 |    1.600 | 125.3301 |   -3.585 |    5.016 |    -0.252 |  478955.612 | 2297243.006 |     12.351 |
|         13 |    5.307 | 277.2721 | -0.5536 |    1.600 |  96.2628 |   -0.595 |    5.273 |    -0.243 |  478958.602 | 2297243.263 |     12.360 |
|         13 |    7.725 | 236.5925 | -0.5634 |    1.600 |  55.5832 |    4.322 |    6.402 |    -0.284 |  478963.519 | 2297244.392 |     12.319 |
|         13 |   11.863 | 220.3914 |  0.0132 |    1.600 |  39.3821 |    9.135 |    7.568 |    -0.152 |  478968.332 | 2297245.558 |     12.451 |
|         43 |   12.809 | 214.4645 |  0.0035 |    1.600 |  33.4552 |   10.649 |    7.119 |    -0.155 |  478969.846 | 2297245.109 |     12.448 |
|         44 |   13.909 | 213.0602 | -0.1411 |    1.600 |  32.0509 |   11.784 |    7.388 |    -0.214 |  478970.981 | 2297245.378 |     12.389 |
|         13 |   16.361 | 213.1708 | -0.2436 |    1.600 |  32.1615 |   13.833 |    8.735 |    -0.274 |  478973.030 | 2297246.725 |     12.329 |
|         70 |   18.859 | 211.4104 | -0.2746 |    1.600 |  30.4011 |   16.221 |    9.619 |    -0.309 |  478975.418 | 2297247.609 |     12.294 |
|         71 |   19.823 | 211.3158 | -0.2918 |    1.600 |  30.3105 |   17.076 |   10.066 |    -0.326 |  478976.273 | 2297248.056 |     12.277 |
|         13 |   21.495 | 208.5543 | -0.2149 |    1.600 |  27.5450 |   18.994 |   10.063 |    -0.293 |  478978.191 | 2297248.053 |     12.310 |
|         13 |   27.010 | 206.5038 | -0.0635 |    1.600 |  25.4945 |   24.312 |   11.768 |    -0.209 |  478983.509 | 2297249.758 |     12.394 |
|        8.8 |   28.137 | 206.0932 |  0.4626 | 2000.000 |  25.0839 |   25.468 |   11.954 | -1998.177 |  478984.665 | 2297249.944 |  -1985.574 |
|         13 |   28.674 | 205.5701 | -0.1619 |    1.600 |  24.5608 |   26.001 |   12.089 |    -0.293 |  478985.198 | 2297250.079 |     12.310 |
|         77 |   29.064 | 205.2241 | -0.2134 |    1.600 |  24.2148 |   26.475 |   11.989 |    -0.339 |  478985.672 | 2297249.979 |     12.264 |
|         70 |   30.545 | 207.0959 | -0.3857 |    1.600 |  26.0906 |   27.416 |   13.462 |    -0.503 |  478986.613 | 2297251.452 |     12.100 |
|         71 |   33.111 | 206.1151 | -0.3911 |    1.600 |  25.1058 |   29.962 |   14.088 |    -0.534 |  478989.159 | 2297252.078 |     12.069 |
|         77 |   33.420 | 204.0953 | -0.1142 |    1.600 |  23.0900 |   30.729 |   13.139 |    -0.271 |  478989.926 | 2297251.129 |     12.332 |
|         13 |   33.583 | 204.4232 | -0.1232 |    1.600 |  23.4139 |   30.752 |   13.495 |    -0.279 |  478989.949 | 2297251.485 |     12.324 |
|         13 |   39.771 | 200.2702 |  0.1803 |    1.600 |  19.2609 |   37.504 |   13.234 |     0.052 |  478996.701 | 2297251.224 |     12.655 |
|         12 |   40.365 | 200.2252 |  0.1410 |    1.600 |  19.2159 |   38.081 |   13.385 |     0.009 |  478997.278 | 2297251.375 |     12.612 |
|      777-5 |   43.115 | 199.4157 |  0.0847 |    1.600 |  18.4104 |   40.843 |   13.812 |    -0.047 |  479000.040 | 2297251.802 |     12.556 |
|         70 |   54.768 | 198.3014 | -0.0352 |    1.600 |  17.2921 |   52.236 |   16.459 |    -0.219 |  479011.433 | 2297254.449 |     12.384 |
|         71 |   55.817 | 198.3752 | -0.0923 |    1.600 |  17.3659 |   53.199 |   16.892 |    -0.309 |  479012.396 | 2297254.882 |     12.294 |
|         77 |   58.588 | 198.2550 |  0.0158 |    1.600 |  17.2457 |   55.902 |   17.536 |    -0.123 |  479015.099 | 2297255.526 |     12.480 |
|         23 |   56.540 | 196.1745 |  0.1350 |    1.600 |  15.1652 |   54.541 |   14.901 |     0.071 |  479013.738 | 2297252.891 |     12.674 |
|         23 |   52.331 | 193.3634 |  0.2144 |    1.600 |  12.3541 |   51.071 |   11.411 |     0.174 |  479010.268 | 2297249.401 |     12.777 |
|         23 |   38.347 | 194.0344 |  0.1403 |    1.600 |  13.0251 |   37.357 |    8.657 |     0.000 |  478996.554 | 2297246.647 |     12.603 |
|         23 |   38.104 | 197.2944 |  0.1325 |    1.600 |  16.2851 |   36.538 |   10.810 |    -0.008 |  478995.735 | 2297248.800 |     12.595 |
|         23 |   20.234 | 201.2444 |  0.0328 |    1.600 |  20.2351 |   18.965 |    7.052 |    -0.137 |  478978.162 | 2297245.042 |     12.466 |
|         23 |   18.560 | 195.0615 |  0.0749 |    1.600 |  14.0522 |   18.002 |    4.518 |    -0.115 |  478977.199 | 2297242.508 |     12.488 |
|         23 |    3.796 | 354.0801 |  1.0110 |    1.600 | 173.0708 |   -3.768 |    0.455 |    -0.089 |  478955.429 | 2297238.445 |     12.514 |
|         23 |    5.490 | 332.3146 | -0.2220 |    1.600 | 151.3053 |   -4.825 |    2.618 |    -0.193 |  478954.372 | 2297240.608 |     12.410 |
|        888 |   13.563 |   3.2530 | 13.2424 |    0.000 | 182.2437 |  -13.182 |   -0.555 |     4.588 |  478946.015 | 2297237.435 |     17.191 |
|        888 |   15.824 | 350.1854 |  0.4553 |    0.000 | 169.1801 |  -15.547 |    2.938 |     1.654 |  478943.650 | 2297240.928 |     14.257 |
|        888 |   24.894 | 206.5815 |  0.4156 |    0.000 |  25.5722 |   22.381 |   10.895 |     1.747 |  478981.578 | 2297248.885 |     14.350 |
|        888 |   31.474 | 205.1249 |  3.1304 |    0.000 |  24.1156 |   28.663 |   12.881 |     3.210 |  478987.860 | 2297250.871 |     15.813 |
|        888 |   39.685 | 195.4543 |  5.1020 |    0.000 |  14.4450 |   38.221 |   10.061 |     5.021 |  478997.418 | 2297248.051 |     17.624 |
|        888 |   33.667 | 187.4220 |  2.5402 |    0.000 |   6.4127 |   33.395 |    3.918 |     3.147 |  478992.592 | 2297241.908 |     15.750 |
|        133 |   25.027 | 185.4137 |  2.4560 | 2000.000 |   4.4044 |   24.915 |    2.039 | -1997.349 |  478984.112 | 2297240.029 |  -1984.746 |
|        133 |   29.624 | 186.5232 |  2.5801 | 2000.000 |   5.5139 |   29.430 |    3.021 | -1997.024 |  478988.627 | 2297241.011 |  -1984.421 |
|        133 |   34.924 | 187.5343 |  2.3756 | 2000.000 |   6.5250 |   34.636 |    4.179 | -1996.953 |  478993.833 | 2297242.169 |  -1984.350 |
|        133 |   38.562 | 204.1943 |  0.1425 | 2000.000 |  23.1850 |   35.413 |   15.261 | -1998.395 |  478994.610 | 2297253.251 |  -1985.792 |
|        133 |   43.332 | 203.5007 |  0.1433 | 2000.000 |  22.4914 |   39.940 |   16.806 | -1998.374 |  478999.137 | 2297254.796 |  -1985.771 |
|        133 |   48.280 | 203.3104 | -0.0126 | 2000.000 |  22.3011 |   44.604 |   18.478 | -1998.577 |  479003.801 | 2297256.468 |  -1985.974 |
|        133 |   12.909 |  25.2024 | -0.3859 | 2000.000 | 204.1931 |  -11.762 |   -5.317 | -1998.703 |  478947.435 | 2297232.673 |  -1986.100 |
|        133 |   16.826 |  23.5828 | -0.1418 | 2000.000 | 202.5735 |  -15.493 |   -6.563 | -1998.627 |  478943.704 | 2297231.427 |  -1986.024 |
|         88 |   19.772 |  22.4121 |  4.3630 | 2000.000 | 201.4028 |  -18.315 |   -7.279 | -1996.968 |  478940.882 | 2297230.711 |  -1984.365 |
|        550 |   28.242 |  24.4257 |  1.2240 | 2000.000 | 203.4204 |  -25.852 |  -11.349 | -1997.878 |  478933.345 | 2297226.641 |  -1985.275 |
|        551 |   19.930 |  26.4213 |  1.2140 | 2000.000 | 205.4120 |  -17.955 |   -8.637 | -1998.084 |  478941.242 | 2297229.353 |  -1985.481 |
|         55 |   19.870 |  26.3630 | -0.1133 | 2000.000 | 205.3537 |  -17.920 |   -8.583 | -1998.624 |  478941.277 | 2297229.407 |  -1986.021 |
|          7 |   14.002 |  41.3547 | -2.3609 | 2000.000 | 220.3454 |  -10.623 |   -9.099 | -1999.193 |  478948.574 | 2297228.891 |  -1986.590 |
|        550 |   14.802 |  47.3547 | -2.3601 | 2000.000 | 226.3454 |  -10.163 |  -10.740 | -1999.229 |  478949.034 | 2297227.250 |  -1986.626 |
|        551 |    9.595 |  68.1452 | -2.3309 | 2000.000 | 247.1359 |   -3.709 |   -8.839 | -1998.984 |  478955.488 | 2297229.151 |  -1986.381 |
|        550 |   18.178 | 178.5950 |  3.2255 | 2000.000 | 357.5857 |   18.135 |   -0.639 | -1997.485 |  478977.332 | 2297237.351 |  -1984.882 |
|         55 |   20.928 | 181.3644 |  3.0512 | 2000.000 |   0.3551 |   20.897 |    0.218 | -1997.430 |  478980.094 | 2297238.208 |  -1984.827 |
|        551 |   25.115 | 183.2221 |  2.2732 | 2000.000 |   2.2128 |   25.071 |    1.032 | -1997.480 |  478984.268 | 2297239.022 |  -1984.877 |
|        550 |   30.153 | 185.4414 |  1.2915 | 2000.000 |   4.4321 |   30.041 |    2.482 | -1997.774 |  478989.238 | 2297240.472 |  -1985.171 |
|        551 |   35.025 | 187.1028 |  1.2449 | 2000.000 |   6.0935 |   34.812 |    3.757 | -1997.693 |  478994.009 | 2297241.747 |  -1985.090 |
|        551 |   47.991 | 188.1424 |  1.5148 | 2000.000 |   7.1331 |   47.585 |    6.033 | -1996.997 |  479006.782 | 2297244.023 |  -1984.394 |
|        550 |   41.863 | 186.2933 |  2.0736 | 2000.000 |   5.2840 |   41.643 |    3.993 | -1997.004 |  479000.840 | 2297241.983 |  -1984.401 |
|        551 |   28.929 | 211.0857 |  1.3756 | 2000.000 |  30.0804 |   25.009 |   14.517 | -1997.733 |  478984.206 | 2297252.507 |  -1985.130 |
|        550 |   22.112 | 214.3836 |  1.1257 | 2000.000 |  33.3743 |   18.407 |   12.243 | -1998.088 |  478977.604 | 2297250.233 |  -1985.485 |
|        551 |   15.810 | 216.1938 |  0.4356 | 2000.000 |  35.1845 |   12.900 |    9.138 | -1998.355 |  478972.097 | 2297247.128 |  -1985.752 |
|        550 |   10.629 | 229.1323 |  1.0727 | 2000.000 |  48.1230 |    7.082 |    7.923 | -1998.348 |  478966.279 | 2297245.913 |  -1985.745 |
|        550 |   11.449 | 328.4028 |  1.2204 | 2000.000 | 147.3935 |   -9.670 |    6.123 | -1998.284 |  478949.527 | 2297244.113 |  -1985.681 |
|        551 |    8.816 | 310.3339 |  0.1535 | 2000.000 | 129.3246 |   -5.613 |    6.798 | -1998.517 |  478953.584 | 2297244.788 |  -1985.914 |
-----------------------------------------------------------------------------------------------------------------------------------------------
